Average delivery time per traffic flow [ms]
13.150732 12.954356 13.030263 12.959000 13.021115 12.949797 13.025379 12.953788 13.030072 12.958413 13.030445 13.097242 13.030398 12.958906 13.145685 12.958579 13.034583 12.963132 13.025670 12.954275 12.453098 12.368068 12.574926 12.493919 12.454600 12.368705 12.579921 12.462023 12.518329 12.310361 12.512640 12.479452 12.514160 12.300885 12.514824 12.426227 12.576120 12.349877 12.577524 12.481100 9.609611 9.505995 9.539077 9.531828 9.602704 9.595352 9.544458 9.469066 9.600288 9.434353 9.612101 9.516992 9.535810 9.533403 9.543378 9.530390 9.609893 9.517471 9.608077 9.506812 9.765938 15.053668 9.697282 20.451337 15.086630 20.457497 9.702028 20.461576 20.409312 20.442423 9.886817 14.991168 9.772062 20.394997 9.695442 20.453407 9.708003 20.449317 9.769938 15.053668 8.954120 8.864228 10.709701 10.554569 10.979544 8.801689 10.662350 8.868276 10.822913 8.926997 8.959142 8.881362 10.667461 8.805779 9.016995 8.809869 10.800535 8.877272 10.804966 8.873182 
Average delivery time [ms]
11.948391
Jitter per traffic flow [ms]
0.271765 0.022121 0.013847 0.013757 0.032357 0.032448 0.023876 0.023842 0.014117 0.014062 0.013916 0.272884 0.013743 0.013722 0.262824 0.031546 0.005216 0.005134 0.022583 0.022669 0.246284 0.244271 0.259814 0.046133 0.252542 0.239317 0.005252 0.013373 0.125475 0.316432 0.138534 0.038660 0.132730 0.239320 0.133945 0.144752 0.250000 0.262235 0.247089 0.043866 0.008394 0.021912 0.129144 0.055839 0.015645 0.177618 0.132561 0.177602 0.013823 0.137159 0.005087 0.004282 0.140588 0.055866 0.129102 0.054125 0.004202 0.004787 0.010258 0.023749 0.008490 10.660794 0.110595 0.120897 10.611411 0.124306 0.127028 0.116831 0.004403 0.146874 0.000347 10.786141 0.004423 0.016662 0.114993 0.124306 0.131970 0.124306 0.016603 10.652637 0.001361 0.000074 0.751814 0.885695 0.185293 0.000035 0.714169 0.000032 0.516401 0.000643 0.002294 0.001664 0.691317 0.000035 0.002075 0.000035 0.345004 0.001664 0.344324 0.001664 
Average jitter [ms]
0.542578
Aggregated throughput per satellite channel [Mbps]
20.617749 20.598886 20.606209 20.617759 20.606262 20.619648 20.617753 20.617742 20.617685 20.617682 
Average aggregated throughput [Mbps]
20.613738
Cell occupancy per satellite per carrier
200 200 200 200 200 200 200 200 200 200 
200 200 200 200 200 200 200 200 200 200 
200 200 200 200 200 200 200 200 200 200 
200 200 200 200 200 200 200 200 200 200 
200 200 200 200 200 200 200 200 200 200 
Cell occupancy per satellite
1000 1000 1000 1000 1000 1000 1000 1000 1000 1000 
Number of handovers
0