0 -66.1963 4.50861e-13 7363.12
1 -1219.33 4.44682e-13 7261.95
2 -2342.46 4.27555e-13 6981.62
3 -3407.93 3.99893e-13 6529
4 -4389.47 3.62362e-13 5915.22
5 -5262.87 3.15874e-13 5155.35
6 -6006.55 2.61562e-13 4268.12
7 -6602.14 2.0076e-13 3275.39
8 -7034.9 1.34968e-13 2201.69
9 -7294.14 6.5819e-14 1073.55
10 -7373.51 -4.96889e-15 -81.1298
11 -7271.1 -7.56333e-14 -1233.81
12 -6989.56 -1.44417e-13 -2356.01
13 -6535.95 -2.09616e-13 -3420.09
14 -5921.6 -2.6962e-13 -4399.85
15 -5161.78 -3.22961e-13 -5271.27
16 -4275.29 -3.68339e-13 -6013.03
17 -3284 -4.04659e-13 -6607.03
18 -2212.27 -4.31049e-13 -7038.82
19 -1086.39 -4.4688e-13 -7297.93
20 66.0623 -4.51776e-13 -7378.07
21 1216.9 -4.45622e-13 -7277.3
22 2337.97 -4.28562e-13 -6998.06
23 3401.8 -4.01002e-13 -6547.13
24 4382.32 -3.636e-13 -5935.44
25 5255.39 -3.17254e-13 -5177.89
26 5999.48 -2.63084e-13 -4292.96
27 6596.16 -2.02409e-13 -3302.3
28 7030.6 -1.36718e-13 -2230.23
29 7291.96 -6.76316e-14 -1103.12
30 7373.64 3.13618e-15 51.2358
31 7273.55 7.38258e-14 1204.32
32 6994.07 1.42678e-13 2327.63
33 6542.09 2.0798e-13 3393.39
34 5928.76 2.68115e-13 4375.26
35 5169.26 3.21598e-13 5249
36 4282.36 3.67117e-13 5993.06
37 3289.96 4.03563e-13 6589.12
38 2216.55 4.30052e-13 7022.53
39 1088.57 4.45946e-13 7282.66
40 -65.7029 -8.0673 7363.12
41 -1210.25 -148.599 7261.95
42 -2325 -285.474 6981.62
43 -3382.52 -415.322 6529
44 -4356.75 -534.942 5915.22
45 -5223.64 -641.382 5155.35
46 -5961.78 -732.015 4268.12
47 -6552.93 -804.598 3275.39
48 -6982.46 -857.338 2201.69
49 -7239.77 -888.933 1073.55
50 -7318.55 -898.605 -81.1298
51 -7216.9 -886.125 -1233.81
52 -6937.46 -851.813 -2356.01
53 -6487.23 -796.532 -3420.09
54 -5877.47 -721.662 -4399.85
55 -5123.31 -629.063 -5271.27
56 -4243.43 -521.027 -6013.03
57 -3259.52 -400.218 -6607.03
58 -2195.78 -269.607 -7038.82
59 -1078.29 -132.398 -7297.93
60 65.5699 8.05097 -7378.07
61 1207.83 148.303 -7277.3
62 2320.54 284.926 -6998.06
63 3376.45 414.576 -6547.13
64 4349.65 534.07 -5935.44
65 5216.22 640.471 -5177.89
66 5954.76 731.152 -4292.96
67 6546.99 803.87 -3302.3
68 6978.2 856.815 -2230.23
69 7237.6 888.666 -1103.12
70 7318.68 898.621 51.2358
71 7219.33 886.422 1204.32
72 6941.94 852.362 2327.63
73 6493.32 797.28 3393.39
74 5884.57 722.534 4375.26
75 5130.73 629.974 5249
76 4250.44 521.888 5993.06
77 3265.44 400.945 6589.12
78 2200.03 270.129 7022.53
79 1080.46 132.663 7282.66
80 -64.23 -16.0143 7363.12
81 -1183.12 -294.984 7261.95
82 -2272.88 -566.693 6981.62
83 -3306.7 -824.452 6529
84 -4259.08 -1061.91 5915.22
85 -5106.54 -1273.2 5155.35
86 -5828.13 -1453.12 4268.12
87 -6406.03 -1597.2 3275.39
88 -6825.93 -1701.9 2201.69
89 -7077.48 -1764.61 1073.55
90 -7154.48 -1783.81 -81.1298
91 -7055.12 -1759.04 -1233.81
92 -6781.94 -1690.93 -2356.01
93 -6341.8 -1581.19 -3420.09
94 -5745.71 -1432.57 -4399.85
95 -5008.46 -1248.75 -5271.27
96 -4148.3 -1034.29 -6013.03
97 -3186.45 -794.471 -6607.03
98 -2146.55 -535.196 -7038.82
99 -1054.12 -262.822 -7297.93
100 64.1 15.9819 -7378.07
101 1180.75 294.395 -7277.3
102 2268.52 565.605 -6998.06
103 3300.76 822.971 -6547.13
104 4252.14 1060.18 -5935.44
105 5099.28 1271.39 -5177.89
106 5821.27 1451.41 -4292.96
107 6400.23 1595.76 -3302.3
108 6821.76 1700.86 -2230.23
109 7075.35 1764.08 -1103.12
110 7154.61 1783.85 51.2358
111 7057.49 1759.63 1204.32
112 6786.31 1692.02 2327.63
113 6347.76 1582.67 3393.39
114 5752.65 1434.3 4375.26
115 5015.71 1250.56 5249
116 4155.15 1036 5993.06
117 3192.23 795.914 6589.12
118 2150.71 536.231 7022.53
119 1056.24 263.349 7282.66
120 -181.978 -69.8549 7360.85
121 -1256.71 -482.407 7239.56
122 -2300.52 -883.087 6939.67
123 -3287.69 -1262.03 6468.52
124 -4193.9 -1609.89 5837.69
125 -4996.77 -1918.08 5062.69
126 -5676.49 -2179 4162.59
127 -6216.24 -2386.19 3159.62
128 -6602.68 -2534.53 2078.52
129 -6826.26 -2620.36 946.042
130 -6881.51 -2641.57 -209.828
131 -6767.13 -2597.66 -1360.52
132 -6486.03 -2489.76 -2477.61
133 -6045.29 -2320.57 -3533.57
134 -5455.89 -2094.32 -4502.44
135 -4732.47 -1816.63 -5360.45
136 -3892.94 -1494.36 -6086.62
137 -2957.98 -1135.46 -6663.24
138 -1950.57 -748.755 -7076.29
139 -895.435 -343.725 -7315.74
140 181.61 69.7136 -7375.8
141 1254.21 481.447 -7255
142 2296.13 881.401 -6956.27
143 3281.84 1259.78 -6486.86
144 4187.15 1607.3 -5858.17
145 4989.8 1915.41 -5085.49
146 5669.97 2176.5 -4187.68
147 6210.81 2384.11 -3186.74
148 6598.87 2533.07 -2107.21
149 6824.46 2619.66 -975.683
150 6881.88 2641.71 179.943
151 6769.64 2598.62 1331.12
152 6490.44 2491.45 2449.39
153 6051.15 2322.82 3507.09
154 5462.64 2096.91 4478.1
155 4739.44 1819.3 5338.44
156 3899.45 1496.86 6066.9
157 2963.39 1137.54 6645.54
158 1954.37 750.212 7060.15
159 897.236 344.417 7300.55
160 -172.109 -91.5118 7360.85
161 -1188.56 -631.966 7239.56
162 -2175.75 -1156.87 6939.67
163 -3109.38 -1653.29 6468.52
164 -3966.44 -2108.99 5837.69
165 -4725.77 -2512.74 5062.69
166 -5368.63 -2854.55 4162.59
167 -5879.1 -3125.97 3159.62
168 -6244.58 -3320.3 2078.52
169 -6456.04 -3432.74 946.042
170 -6508.29 -3460.52 -209.828
171 -6400.11 -3403 -1360.52
172 -6134.26 -3261.65 -2477.61
173 -5717.42 -3040.01 -3533.57
174 -5159.99 -2743.61 -4502.44
175 -4475.81 -2379.83 -5360.45
176 -3681.8 -1957.65 -6086.62
177 -2797.55 -1487.48 -6663.24
178 -1844.78 -980.889 -7076.29
179 -846.871 -450.289 -7315.74
180 171.76 91.3266 -7375.8
181 1186.19 630.709 -7255
182 2171.6 1154.66 -6956.27
183 3103.85 1650.35 -6486.86
184 3960.06 2105.6 -5858.17
185 4719.18 2509.23 -5085.49
186 5362.46 2851.27 -4187.68
187 5873.97 3123.24 -3186.74
188 6240.98 3318.39 -2107.21
189 6454.33 3431.83 -975.683
190 6508.64 3460.71 179.943
191 6402.48 3404.26 1331.12
192 6138.43 3263.86 2449.39
193 5722.97 3042.96 3507.09
194 5166.37 2747.01 4478.1
195 4482.4 2383.33 5338.44
196 3687.96 1960.92 6066.9
197 2802.67 1490.21 6645.54
198 1848.37 982.798 7060.15
199 848.574 451.195 7300.55
200 -157.698 -114.574 7360.85
201 -1089.04 -791.231 7239.56
202 -1993.57 -1448.41 6939.67
203 -2849.03 -2069.94 6468.52
204 -3634.32 -2640.49 5837.69
205 -4330.08 -3145.99 5062.69
206 -4919.1 -3573.94 4162.59
207 -5386.83 -3913.76 3159.62
208 -5721.71 -4157.07 2078.52
209 -5915.47 -4297.84 946.042
210 -5963.34 -4332.62 -209.828
211 -5864.22 -4260.61 -1360.52
212 -5620.63 -4083.63 -2477.61
213 -5238.69 -3806.13 -3533.57
214 -4727.93 -3435.05 -4502.44
215 -4101.04 -2979.58 -5360.45
216 -3373.52 -2451 -6086.62
217 -2563.31 -1862.35 -6663.24
218 -1690.32 -1228.09 -7076.29
219 -775.961 -563.769 -7315.74
220 157.379 114.342 -7375.8
221 1086.87 789.656 -7255
222 1989.77 1445.65 -6956.27
223 2843.96 2066.26 -6486.86
224 3628.48 2636.25 -5858.17
225 4324.03 3141.6 -5085.49
226 4913.45 3569.83 -4187.68
227 5382.13 3910.35 -3186.74
228 5718.41 4154.67 -2107.21
229 5913.9 4296.7 -975.683
230 5963.66 4332.86 179.943
231 5866.39 4262.19 1331.12
232 5624.45 4086.4 2449.39
233 5243.77 3809.83 3507.09
234 4733.78 3439.29 4478.1
235 4107.08 2983.97 5338.44
236 3379.16 2455.11 6066.9
237 2568 1865.76 6645.54
238 1693.61 1230.48 7060.15
239 777.522 564.903 7300.55
240 -236.662 -220.691 7356.32
241 -1076.92 -1004.24 7214.96
242 -1890.67 -1763.08 6895.6
243 -2657.88 -2478.51 6406.07
244 -3359.62 -3132.9 5758.38
245 -3978.59 -3710.1 4968.47
246 -4499.49 -4195.85 4055.8
247 -4909.45 -4578.13 3042.88
248 -5198.31 -4847.5 1954.73
249 -5358.97 -4997.32 818.247
250 -5387.47 -5023.9 -338.461
251 -5283.18 -4926.65 -1486.81
252 -5048.75 -4708.03 -2598.45
253 -4690.06 -4373.55 -3645.98
254 -4216.05 -3931.53 -4603.66
255 -3638.49 -3392.95 -5448
256 -2971.66 -2771.12 -6158.36
257 -2232.01 -2081.38 -6717.43
258 -1437.69 -1340.67 -7111.61
259 -608.194 -567.15 -7331.34
260 236.184 220.245 -7371.29
261 1074.78 1002.25 -7230.5
262 1887.09 1759.74 -6912.37
263 2653.19 2474.14 -6424.63
264 3354.3 3127.93 -5779.11
265 3973.14 3705.02 -4991.53
266 4494.46 4191.15 -4081.13
267 4905.31 4574.28 -3070.2
268 5195.49 4844.88 -1983.55
269 5357.74 4996.17 -847.951
270 5387.95 5024.35 308.595
271 5285.32 4928.64 1457.51
272 5052.34 4711.39 2570.39
273 4694.75 4377.93 3619.73
274 4221.38 3936.5 4579.58
275 3643.94 3398.03 5426.25
276 2976.7 2775.81 6138.88
277 2236.13 2085.22 6699.93
278 1440.5 1343.29 7095.61
279 609.419 568.293 7316.21
280 -208.003 -247.888 7356.32
281 -946.506 -1128 7214.96
282 -1661.71 -1980.35 6895.6
283 -2336.01 -2783.95 6406.07
284 -2952.78 -3518.98 5758.38
285 -3496.79 -4167.31 4968.47
286 -3954.61 -4712.92 4055.8
287 -4314.92 -5142.32 3042.88
288 -4568.8 -5444.89 1954.73
289 -4710 -5613.16 818.247
290 -4735.06 -5643.02 -338.461
291 -4643.39 -5533.78 -1486.81
292 -4437.35 -5288.23 -2598.45
293 -4122.1 -4912.52 -3645.98
294 -3705.49 -4416.03 -4603.66
295 -3197.87 -3811.08 -5448
296 -2611.8 -3112.62 -6158.36
297 -1961.71 -2337.88 -6717.43
298 -1263.59 -1505.89 -7111.61
299 -534.542 -637.043 -7331.34
300 207.582 247.387 -7371.29
301 944.628 1125.76 -7230.5
302 1658.56 1976.6 -6912.37
303 2331.89 2779.04 -6424.63
304 2948.09 3513.4 -5779.11
305 3492 4161.61 -4991.53
306 3950.18 4707.64 -4081.13
307 4311.29 5137.99 -3070.2
308 4566.33 5441.93 -1983.55
309 4708.92 5611.87 -847.951
310 4735.48 5643.52 308.595
311 4645.28 5536.03 1457.51
312 4440.51 5291.99 2570.39
313 4126.22 4917.44 3619.73
314 3710.18 4421.61 4579.58
315 3202.66 3816.78 5426.25
316 2616.22 3117.89 6138.88
317 1965.34 2342.2 6699.93
318 1266.06 1508.83 7095.61
319 535.619 638.326 7316.21
320 -176.242 -271.389 7356.32
321 -801.982 -1234.94 7214.96
322 -1407.98 -2168.1 6895.6
323 -1979.32 -3047.89 6406.07
324 -2501.91 -3852.61 5758.38
325 -2962.86 -4562.4 4968.47
326 -3350.77 -5159.74 4055.8
327 -3656.06 -5629.84 3042.88
328 -3871.18 -5961.1 1954.73
329 -3990.82 -6145.33 818.247
330 -4012.05 -6178.02 -338.461
331 -3934.38 -6058.42 -1486.81
332 -3759.8 -5789.59 -2598.45
333 -3492.68 -5378.26 -3645.98
334 -3139.69 -4834.7 -4603.66
335 -2709.58 -4172.39 -5448
336 -2213 -3407.72 -6158.36
337 -1662.18 -2559.53 -6717.43
338 -1070.65 -1648.66 -7111.61
339 -452.922 -697.438 -7331.34
340 175.886 270.84 -7371.29
341 800.391 1232.49 -7230.5
342 1405.31 2163.99 -6912.37
343 1975.83 3042.51 -6424.63
344 2497.94 3846.5 -5779.11
345 2958.8 4556.15 -4991.53
346 3347.02 5153.96 -4081.13
347 3652.99 5625.11 -3070.2
348 3869.08 5957.87 -1983.55
349 3989.91 6143.92 -847.951
350 4012.41 6178.57 308.595
351 3935.98 6060.88 1457.51
352 3762.48 5793.71 2570.39
353 3496.18 5383.64 3619.73
354 3143.66 4840.81 4579.58
355 2713.64 4178.64 5426.25
356 2216.74 3413.49 6138.88
357 1665.25 2564.25 6699.93
358 1072.74 1651.88 7095.61
359 453.835 698.844 7316.21
360 -198.216 -406.404 7349.55
361 -700.707 -1436.66 7188.16
362 -1185.95 -2431.56 6849.43
363 -1642 -3366.59 6341.65
364 -2057.6 -4218.71 5677.31
365 -2422.51 -4966.87 4872.74
366 -2727.7 -5592.6 3947.77
367 -2965.62 -6080.43 2925.21
368 -3130.41 -6418.29 1830.33
369 -3217.98 -6597.84 690.201
370 -3226.21 -6614.7 -466.992
371 -3154.91 -6468.53 -1612.65
372 -3005.91 -6163.03 -2718.49
373 -2782.93 -5705.86 -3757.28
374 -2491.54 -5108.42 -4703.48
375 -2138.96 -4385.52 -5533.89
376 -1733.91 -3555.04 -6228.24
377 -1286.37 -2637.44 -6769.58
378 -807.326 -1655.26 -7144.78
379 -308.529 -632.578 -7344.71
380 197.816 405.583 -7364.55
381 699.322 1433.82 -7203.8
382 1183.72 2426.98 -6866.37
383 1639.13 3360.72 -6360.44
384 2054.38 4212.11 -5698.29
385 2419.25 4960.2 -4896.06
386 2724.72 5586.51 -3973.34
387 2963.22 6075.51 -2952.72
388 3128.82 6415.02 -1859.29
389 3217.36 6596.56 -719.959
390 3226.61 6615.53 437.153
391 3156.3 6471.38 1583.46
392 3008.15 6167.62 2690.62
393 2785.81 5711.75 3731.25
394 2494.76 5115.02 4679.65
395 2142.21 4392.19 5512.4
396 1736.88 3561.13 6208.99
397 1288.76 2642.35 6752.27
398 808.912 1658.52 7128.9
399 309.152 633.855 7329.63
400 -139.727 -430.035 7349.55
401 -493.943 -1520.2 7188.16
402 -836.001 -2572.95 6849.43
403 -1157.48 -3562.35 6341.65
404 -1450.45 -4464.01 5677.31
405 -1707.68 -5255.68 4872.74
406 -1922.81 -5917.8 3947.77
407 -2090.53 -6433.99 2925.21
408 -2206.69 -6791.49 1830.33
409 -2268.42 -6981.49 690.201
410 -2274.22 -6999.33 -466.992
411 -2223.96 -6844.66 -1612.65
412 -2118.93 -6521.39 -2718.49
413 -1961.75 -6037.64 -3757.28
414 -1756.34 -5405.46 -4703.48
415 -1507.8 -4640.53 -5533.89
416 -1222.27 -3761.76 -6228.24
417 -906.787 -2790.8 -6769.58
418 -569.101 -1751.51 -7144.78
419 -217.488 -669.361 -7344.71
420 139.445 429.166 -7364.55
421 492.966 1517.19 -7203.8
422 834.426 2568.1 -6866.37
423 1155.46 3556.13 -6360.44
424 1448.18 4457.03 -5698.29
425 1705.38 5248.62 -4896.06
426 1920.71 5911.35 -3973.34
427 2088.84 6428.78 -2952.72
428 2205.57 6788.04 -1859.29
429 2267.98 6980.13 -719.959
430 2274.5 7000.2 437.153
431 2224.94 6847.67 1583.46
432 2120.51 6526.25 2690.62
433 1963.77 6043.87 3731.25
434 1758.61 5412.44 4679.65
435 1510.09 4647.59 5512.4
436 1224.36 3768.2 6208.99
437 908.475 2796 6752.27
438 570.219 1754.95 7128.9
439 217.928 670.712 7329.63
440 -86.2773 -443.858 7349.55
441 -304.995 -1569.06 7188.16
442 -516.206 -2655.65 6849.43
443 -714.709 -3676.86 6341.65
444 -895.608 -4607.5 5677.31
445 -1054.44 -5424.62 4872.74
446 -1187.28 -6108.02 3947.77
447 -1290.84 -6640.8 2925.21
448 -1362.57 -7009.8 1830.33
449 -1400.69 -7205.9 690.201
450 -1404.27 -7224.32 -466.992
451 -1373.23 -7064.67 -1612.65
452 -1308.38 -6731.02 -2718.49
453 -1211.32 -6231.72 -3757.28
454 -1084.49 -5579.21 -4703.48
455 -931.022 -4789.69 -5533.89
456 -754.716 -3882.68 -6228.24
457 -559.915 -2880.51 -6769.58
458 -351.403 -1807.81 -7144.78
459 -134.293 -690.877 -7344.71
460 86.1029 442.961 -7364.55
461 304.392 1565.96 -7203.8
462 515.234 2650.65 -6866.37
463 713.461 3670.44 -6360.44
464 894.208 4600.3 -5698.29
465 1053.02 5417.33 -4896.06
466 1185.98 6101.36 -3973.34
467 1289.8 6635.43 -2952.72
468 1361.87 7006.24 -1859.29
469 1400.41 7204.5 -719.959
470 1404.44 7225.22 437.153
471 1373.84 7067.78 1583.46
472 1309.35 6736.03 2690.62
473 1212.57 6238.14 3731.25
474 1085.89 5586.42 4679.65
475 932.438 4796.98 5512.4
476 756.008 3889.32 6208.99
477 560.957 2885.87 6752.27
478 352.094 1811.36 7128.9
479 134.564 692.272 7329.63
480 -40.5005 -579.185 7340.54
481 -120.252 -1719.68 7159.17
482 -197.043 -2817.84 6801.16
483 -268.983 -3846.63 6275.3
484 -334.297 -4780.67 5594.5
485 -391.374 -5596.91 4775.52
486 -438.803 -6275.18 3838.52
487 -475.412 -6798.71 2806.65
488 -500.295 -7154.55 1705.38
489 -512.839 -7333.93 561.945
490 -512.737 -7332.48 -595.379
491 -499.998 -7150.31 -1738
492 -474.945 -6792.03 -2837.71
493 -438.205 -6266.63 -3867.43
494 -390.694 -5587.18 -4801.86
495 -333.589 -4770.54 -5618.1
496 -268.301 -3836.89 -6296.22
497 -196.44 -2809.22 -6819.68
498 -119.768 -1712.76 -7175.77
499 -40.1659 -574.399 -7355.86
500 40.4188 578.016 -7355.57
501 120.015 1716.29 -7174.92
502 196.674 2812.57 -6818.29
503 268.518 3839.98 -6294.32
504 333.782 4773.3 -5615.74
505 390.859 5589.54 -4799.1
506 438.338 6268.53 -3864.33
507 475.043 6793.43 -2834.35
508 500.058 7151.16 -1734.46
509 512.757 7332.77 -591.748
510 512.819 7333.65 565.577
511 500.236 7153.7 1708.92
512 475.315 6797.32 2810.01
513 438.671 6273.28 3841.63
514 391.209 5594.55 4778.29
515 334.104 4777.91 5596.87
516 268.766 3843.53 6277.2
517 196.808 2814.48 6802.56
518 120.004 1716.14 7160.02
519 40.2471 575.561 7340.82
520 30.3862 -579.803 7340.54
521 90.2207 -1721.51 7159.17
522 147.835 -2820.85 6801.16
523 201.809 -3850.74 6275.3
524 250.812 -4785.78 5594.5
525 293.635 -5602.89 4775.52
526 329.22 -6281.88 3838.52
527 356.686 -6805.97 2806.65
528 375.355 -7162.19 1705.38
529 384.766 -7341.77 561.945
530 384.689 -7340.31 -595.379
531 375.132 -7157.94 -1738
532 356.336 -6799.29 -2837.71
533 328.771 -6273.32 -3867.43
534 293.125 -5593.15 -4801.86
535 250.281 -4775.64 -5618.1
536 201.298 -3840.99 -6296.22
537 147.382 -2812.22 -6819.68
538 89.858 -1714.59 -7175.77
539 30.1352 -575.013 -7355.86
540 -30.3249 578.633 -7355.57
541 -90.0431 1718.12 -7174.92
542 -147.558 2815.57 -6818.29
543 -201.46 3844.09 -6294.32
544 -250.425 4778.4 -5615.74
545 -293.248 5595.51 -4799.1
546 -328.871 6275.23 -3864.33
547 -356.409 6800.68 -2834.35
548 -375.177 7158.8 -1734.46
549 -384.705 7340.6 -591.748
550 -384.751 7341.48 565.577
551 -375.31 7161.34 1708.92
552 -356.613 6804.58 2810.01
553 -329.12 6279.98 3841.63
554 -293.511 5600.53 4778.29
555 -250.667 4783.01 5596.87
556 -201.646 3847.63 6277.2
557 -147.658 2817.49 6802.56
558 -90.0353 1717.98 7160.02
559 -30.1961 576.176 7340.82
560 123.091 -698.086 7329.28
561 321.04 -1820.71 7127.99
562 511.086 -2898.51 6750.82
563 688.549 -3904.95 6207.03
564 849.051 -4815.21 5509.99
565 988.63 -5606.8 4676.84
566 1103.84 -6260.18 3728.11
567 1191.82 -6759.17 2687.22
568 1250.42 -7091.46 1579.9
569 1278.17 -7248.84 433.516
570 1274.4 -7227.5 -723.585
571 1239.23 -7028.03 -1862.81
572 1173.54 -6655.49 -2956.06
573 1078.98 -6119.2 -3976.4
574 957.898 -5432.51 -4898.78
575 813.297 -4612.44 -5700.6
576 648.75 -3679.24 -6362.28
577 468.307 -2655.9 -6867.7
578 276.4 -1567.54 -7204.59
579 77.7288 -440.822 -7364.77
580 -122.843 696.68 -7344.36
581 -320.411 1817.14 -7143.87
582 -510.137 2893.13 -6768.14
583 -687.372 3898.28 -6226.28
584 -847.762 4807.9 -5531.49
585 -987.355 5599.57 -4700.67
586 -1102.7 6253.73 -3754.15
587 -1190.94 6754.14 -2715.11
588 -1249.87 7088.34 -1609.09
589 -1278.01 7247.95 -463.356
590 -1274.65 7228.91 693.828
591 -1239.86 7031.61 1833.86
592 -1174.49 6660.89 2928.55
593 -1080.16 6125.88 3950.84
594 -959.187 5439.82 4875.47
595 -814.571 4619.66 5679.63
596 -649.885 3685.68 6343.5
597 -469.192 2660.92 6850.76
598 -276.947 1570.65 7188.95
599 -77.8862 441.715 7349.77
600 219.048 -674.162 7329.28
601 571.309 -1758.31 7127.99
602 909.507 -2799.18 6750.82
603 1225.31 -3771.12 6207.03
604 1510.94 -4650.18 5509.99
605 1759.33 -5414.65 4676.84
606 1964.34 -6045.63 3728.11
607 2120.92 -6527.52 2687.22
608 2225.19 -6848.42 1579.9
609 2274.57 -7000.41 433.516
610 2267.87 -6979.8 -723.585
611 2205.29 -6787.17 -1862.81
612 2088.39 -6427.4 -2956.06
613 1920.11 -5909.49 -3976.4
614 1704.63 -5246.33 -4898.78
615 1447.31 -4454.36 -5700.6
616 1154.49 -3553.15 -6362.28
617 833.38 -2564.88 -6867.7
618 491.869 -1513.82 -7204.59
619 138.323 -425.714 -7364.77
620 -218.607 672.803 -7344.36
621 -570.189 1754.86 -7143.87
622 -907.818 2793.98 -6768.14
623 -1223.22 3764.68 -6226.28
624 -1508.64 4643.12 -5531.49
625 -1757.06 5407.66 -4700.67
626 -1962.32 6039.4 -3754.15
627 -2119.34 6522.67 -2715.11
628 -2224.21 6845.41 -1609.09
629 -2274.29 6999.55 -463.356
630 -2268.32 6981.16 693.828
631 -2206.41 6790.63 1833.86
632 -2090.08 6432.61 2928.55
633 -1922.2 5915.94 3950.84
634 -1706.93 5253.39 4875.47
635 -1449.58 4461.34 5679.63
636 -1156.51 3559.36 6343.5
637 -834.954 2569.72 6850.76
638 -492.843 1516.82 7188.95
639 -138.603 426.576 7349.77
640 299.575 -642.441 7329.28
641 781.334 -1675.58 7127.99
642 1243.86 -2667.47 6750.82
643 1675.76 -3593.69 6207.03
644 2066.39 -4431.38 5509.99
645 2406.09 -5159.88 4676.84
646 2686.48 -5761.17 3728.11
647 2900.62 -6220.39 2687.22
648 3043.21 -6526.19 1579.9
649 3110.75 -6671.03 433.516
650 3101.59 -6651.39 -723.585
651 3016 -6467.82 -1862.81
652 2856.12 -6124.98 -2956.06
653 2625.98 -5631.43 -3976.4
654 2331.29 -4999.48 -4898.78
655 1979.37 -4244.78 -5700.6
656 1578.9 -3385.97 -6362.28
657 1139.75 -2444.2 -6867.7
658 672.691 -1442.59 -7204.59
659 189.173 -405.684 -7364.77
660 -298.972 641.147 -7344.36
661 -779.803 1672.29 -7143.87
662 -1241.55 2662.52 -6768.14
663 -1672.9 3587.55 -6226.28
664 -2063.25 4424.66 -5531.49
665 -2402.99 5153.22 -4700.67
666 -2683.71 5755.24 -3754.15
667 -2898.46 6215.77 -2715.11
668 -3041.88 6523.32 -1609.09
669 -3110.37 6670.21 -463.356
670 -3102.2 6652.69 693.828
671 -3017.53 6471.12 1833.86
672 -2858.44 6129.94 2928.55
673 -2628.85 5637.58 3950.84
674 -2334.43 5006.21 4875.47
675 -1982.47 4251.43 5679.63
676 -1581.66 3391.89 6343.5
677 -1141.9 2448.81 6850.76
678 -674.023 1445.45 7188.95
679 -189.556 406.505 7349.77
680 443.487 -709.728 7315.8
681 1045.61 -1673.33 7094.63
682 1622 -2595.74 6698.42
683 2158.44 -3454.23 6136.87
684 2641.72 -4227.64 5423.79
685 3059.9 -4896.86 4576.72
686 3402.64 -5445.36 3616.55
687 3661.47 -5859.57 2566.98
688 3829.99 -6129.26 1453.94
689 3904.05 -6247.78 304.955
690 3881.85 -6212.26 -851.569
691 3764 -6023.65 -1987.06
692 3553.46 -5686.72 -3073.51
693 3255.5 -5209.88 -4084.17
694 2877.53 -4605.01 -4994.21
695 2428.92 -3887.09 -5781.37
696 1920.75 -3073.85 -6426.41
697 1365.53 -2185.3 -6913.64
698 776.871 -1243.25 -7231.22
699 169.207 -270.788 -7371.45
700 -442.596 708.301 -7330.93
701 -1043.57 1670.06 -7110.64
702 -1619.01 2590.95 -6715.93
703 -2154.8 3448.4 -6156.36
704 -2637.77 4221.32 -5445.55
705 -3056.04 4890.68 -4600.81
706 -3399.24 5439.92 -3642.82
707 -3658.87 5855.41 -2595.04
708 -3828.44 6126.78 -1483.24
709 -3903.7 6247.23 -334.822
710 -3882.75 6213.69 821.867
711 -3766.04 6026.93 1958.24
712 -3556.45 5691.51 3046.2
713 -3259.15 5215.73 4058.84
714 -2881.48 4611.33 4971.16
715 -2432.78 3893.27 5760.65
716 -1924.15 3079.28 6407.86
717 -1368.12 2189.45 6896.88
718 -778.415 1245.72 7215.69
719 -169.55 271.337 7356.48
720 526.676 -650.391 7315.8
721 1241.74 -1533.43 7094.63
722 1926.25 -2378.72 6698.42
723 2563.32 -3165.44 6136.87
724 3137.25 -3874.18 5423.79
725 3633.87 -4487.46 4576.72
726 4040.9 -4990.1 3616.55
727 4348.28 -5369.68 2566.98
728 4548.41 -5616.82 1453.94
729 4636.36 -5725.43 304.955
730 4610 -5692.88 -851.569
731 4470.04 -5520.04 -1987.06
732 4220.01 -5211.27 -3073.51
733 3866.15 -4774.3 -4084.17
734 3417.29 -4220 -4994.21
735 2884.53 -3562.1 -5781.37
736 2281.04 -2816.85 -6426.41
737 1621.67 -2002.59 -6913.64
738 922.594 -1139.31 -7231.22
739 200.947 -248.148 -7371.45
740 -525.617 649.082 -7330.93
741 -1239.32 1530.43 -7110.64
742 -1922.7 2374.33 -6715.93
743 -2558.99 3160.09 -6156.36
744 -3132.56 3868.39 -5445.55
745 -3629.28 4481.79 -4600.81
746 -4036.86 4985.11 -3642.82
747 -4345.19 5365.86 -2595.04
748 -4546.57 5614.54 -1483.24
749 -4635.95 5724.92 -334.822
750 -4611.06 5694.19 821.867
751 -4472.47 5523.04 1958.24
752 -4223.56 5215.67 3046.2
753 -3870.49 4779.66 4058.84
754 -3421.98 4225.79 4971.16
755 -2889.12 3567.76 5760.65
756 -2285.07 2821.83 6407.86
757 -1624.75 2006.4 6896.88
758 -924.428 1141.57 7215.69
759 -201.354 248.651 7356.48
760 602.013 -581.357 7315.8
761 1419.37 -1370.67 7094.63
762 2201.78 -2126.24 6698.42
763 2929.98 -2829.45 6136.87
764 3586.01 -3462.97 5423.79
765 4153.67 -4011.15 4576.72
766 4618.92 -4460.44 3616.55
767 4970.27 -4799.73 2566.98
768 5199.02 -5020.64 1453.94
769 5299.56 -5117.72 304.955
770 5269.43 -5088.63 -851.569
771 5109.44 -4934.13 -1987.06
772 4823.65 -4658.14 -3073.51
773 4419.18 -4267.55 -4084.17
774 3906.11 -3772.08 -4994.21
775 3297.15 -3184.02 -5781.37
776 2607.33 -2517.87 -6426.41
777 1853.64 -1790.04 -6913.64
778 1054.56 -1018.38 -7231.22
779 229.69 -221.809 -7371.45
780 -600.802 580.188 -7330.93
781 -1416.6 1367.99 -7110.64
782 -2197.72 2122.32 -6715.93
783 -2925.03 2824.67 -6156.36
784 -3580.65 3457.8 -5445.55
785 -4148.42 4006.09 -4600.81
786 -4614.3 4455.98 -3642.82
787 -4966.73 4796.32 -2595.04
788 -5196.92 5018.61 -1483.24
789 -5299.09 5117.27 -334.822
790 -5270.64 5089.8 821.867
791 -5112.22 4936.81 1958.24
792 -4827.71 4662.07 3046.2
793 -4424.14 4272.34 4058.84
794 -3911.47 3777.26 4971.16
795 -3302.38 3189.08 5760.65
796 -2611.94 2522.32 6407.86
797 -1857.16 1793.44 6896.88
798 -1056.66 1020.41 7215.69
799 -230.156 222.259 7356.48
800 780.444 -567.026 7300.07
801 1696.43 -1232.53 7059.11
802 2570.66 -1867.7 6643.97
803 3381.59 -2456.87 6064.83
804 4109.22 -2985.52 5335.93
805 4735.58 -3440.6 4475.21
806 5245.18 -3810.85 3503.89
807 5625.43 -4087.11 2445.95
808 5866.93 -4262.57 1327.54
809 5963.74 -4332.91 176.301
810 5913.51 -4296.42 -979.294
811 5717.57 -4154.06 -2110.7
812 5380.86 -3909.42 -3190.02
813 4911.78 -3568.62 -4190.68
814 4322.01 -3140.12 -5088.12
815 3626.14 -2634.55 -5860.38
816 2841.37 -2064.38 -6488.6
817 1986.99 -1443.63 -6957.49
818 1083.98 -787.555 -7255.66
819 154.438 -112.206 -7375.89
820 -778.878 565.888 -7315.27
821 -1693.14 1230.14 -7075.26
822 -2565.96 1864.28 -6661.68
823 -3375.95 2452.77 -6084.56
824 -4103.18 2981.13 -5357.95
825 -4729.73 3436.35 -4499.56
826 -5240.1 3807.16 -3530.38
827 -5621.62 4084.34 -2474.18
828 -5864.76 4261 -1356.93
829 -5963.42 4332.68 -206.186
830 -5915.08 4297.56 949.655
831 -5720.88 4156.46 2082.02
832 -5385.57 3912.84 3162.91
833 -4917.43 3572.72 4165.6
834 -4328.05 3144.51 5065.33
835 -3631.99 2638.79 5839.91
836 -2846.44 2068.06 6470.26
837 -1990.79 1446.4 6940.89
838 -1086.14 789.125 7240.23
839 -154.751 112.433 7360.94
840 843.73 -467.687 7300.07
841 1834 -1016.6 7059.11
842 2779.12 -1540.49 6643.97
843 3655.8 -2026.44 6064.83
844 4442.43 -2462.48 5335.93
845 5119.58 -2837.83 4475.21
846 5670.51 -3143.21 3503.89
847 6081.59 -3371.08 2445.95
848 6342.68 -3515.8 1327.54
849 6447.33 -3573.82 176.301
850 6393.04 -3543.72 -979.294
851 6181.21 -3426.3 -2110.7
852 5817.19 -3224.52 -3190.02
853 5310.07 -2943.42 -4190.68
854 4672.47 -2589.99 -5088.12
855 3920.19 -2172.99 -5860.38
856 3071.78 -1702.71 -6488.6
857 2148.12 -1190.72 -6957.49
858 1171.87 -649.581 -7255.66
859 166.961 -92.548 -7375.89
860 -842.037 466.749 -7315.27
861 -1830.44 1014.63 -7075.26
862 -2774.04 1537.67 -6661.68
863 -3649.7 2023.06 -6084.56
864 -4435.9 2458.86 -5357.95
865 -5113.26 2834.33 -4499.56
866 -5665.02 3140.17 -3530.38
867 -6077.47 3368.8 -2474.18
868 -6340.33 3514.5 -1356.93
869 -6446.99 3573.63 -206.186
870 -6394.74 3544.66 949.655
871 -6184.78 3428.28 2082.02
872 -5822.28 3227.34 3162.91
873 -5316.18 2946.81 4165.6
874 -4679.01 2593.62 5065.33
875 -3926.5 2176.5 5839.91
876 -3077.26 1705.75 6470.26
877 -2152.23 1193 6940.89
878 -1174.21 650.876 7240.23
879 -167.3 92.7357 7360.94
880 894.438 -361.376 7300.07
881 1944.22 -785.515 7059.11
882 2946.14 -1190.32 6643.97
883 3875.52 -1565.81 6064.83
884 4709.42 -1902.73 5335.93
885 5427.27 -2192.76 4475.21
886 6011.3 -2428.72 3503.89
887 6447.09 -2604.79 2445.95
888 6723.87 -2716.62 1327.54
889 6834.81 -2761.44 176.301
890 6777.25 -2738.19 -979.294
891 6552.7 -2647.46 -2110.7
892 6166.8 -2491.55 -3190.02
893 5629.21 -2274.35 -4190.68
894 4953.29 -2001.26 -5088.12
895 4155.79 -1679.05 -5860.38
896 3256.39 -1315.67 -6488.6
897 2277.22 -920.056 -6957.49
898 1242.3 -501.923 -7255.66
899 176.995 -71.5107 -7375.89
900 -892.643 360.651 -7315.27
901 -1940.44 783.99 -7075.26
902 -2940.75 1188.14 -6661.68
903 -3869.04 1563.2 -6084.56
904 -4702.5 1899.93 -5357.95
905 -5420.57 2190.05 -4499.56
906 -6005.48 2426.37 -3530.38
907 -6442.72 2603.03 -2474.18
908 -6721.38 2715.61 -1356.93
909 -6834.45 2761.3 -206.186
910 -6779.06 2738.92 949.655
911 -6556.48 2648.99 2082.02
912 -6172.2 2493.73 3162.91
913 -5635.68 2276.96 4165.6
914 -4960.21 2004.06 5065.33
915 -4162.48 1681.75 5839.91
916 -3262.2 1318.01 6470.26
917 -2281.57 921.815 6940.89
918 -1244.78 502.924 7240.23
919 -177.354 71.6557 7360.94
920 1054.96 -282.676 7282.12
921 2144.38 -574.584 7021.44
922 3181.01 -852.349 6587.49
923 4139.31 -1109.12 5990.94
924 4995.63 -1338.58 5246.44
925 5728.84 -1535.04 4372.33
926 6320.79 -1693.65 3390.16
927 6756.87 -1810.5 2324.17
928 7026.28 -1882.69 1200.73
929 7122.42 -1908.45 47.5929
930 7042.97 -1887.16 -1106.72
931 6789.98 -1819.37 -2233.7
932 6369.83 -1706.79 -3305.56
933 5793 -1552.23 -4295.92
934 5073.85 -1359.53 -5180.49
935 4230.17 -1133.47 -5937.6
936 3282.77 -879.616 -6548.81
937 2254.97 -604.217 -6999.22
938 1171.97 -314.029 -7277.9
939 60.299 -16.1571 -7378.1
940 -1052.85 282.11 -7297.39
941 -2140.24 573.475 -7037.73
942 -3175.24 850.804 -6605.41
943 -4132.48 1107.29 -6010.92
944 -4988.41 1336.64 -5268.72
945 -5721.93 1533.19 -4396.93
946 -6314.87 1692.06 -3416.86
947 -6752.51 1809.33 -2352.56
948 -7023.93 1882.06 -1230.21
949 -7122.3 1908.41 -77.4871
950 -7045.08 1887.72 1077.15
951 -6794.13 1820.48 2205.16
952 -6375.61 1708.34 3278.65
953 -5799.84 1554.06 4271.08
954 -5081.07 1361.47 5157.95
955 -4237.07 1135.32 5917.39
956 -3288.68 881.2 6530.69
957 -2259.31 605.38 6982.78
958 -1174.32 314.657 7262.55
959 -60.4213 16.1898 7363.16
960 1081.55 -152.001 7282.12
961 2198.42 -308.967 7021.44
962 3261.17 -458.328 6587.49
963 4243.62 -596.402 5990.94
964 5121.53 -719.784 5246.44
965 5873.21 -825.426 4372.33
966 6480.08 -910.716 3390.16
967 6927.14 -973.547 2324.17
968 7203.35 -1012.37 1200.73
969 7301.91 -1026.22 47.5929
970 7220.45 -1014.77 -1106.72
971 6961.09 -978.318 -2233.7
972 6530.35 -917.781 -3305.56
973 5938.99 -834.671 -4295.92
974 5201.71 -731.053 -5180.49
975 4336.77 -609.493 -5937.6
976 3365.5 -472.99 -6548.81
977 2311.8 -324.902 -6999.22
978 1201.51 -168.861 -7277.9
979 61.8185 -8.68803 -7378.1
980 -1079.38 151.697 -7297.39
981 -2194.17 308.371 -7037.73
982 -3255.26 457.497 -6605.41
983 -4236.62 595.418 -6010.92
984 -5114.12 718.743 -5268.72
985 -5866.12 824.43 -4396.93
986 -6474.01 909.863 -3416.86
987 -6922.68 972.92 -2352.56
988 -7200.94 1012.03 -1230.21
989 -7301.79 1026.2 -77.4871
990 -7222.63 1015.07 1077.15
991 -6965.35 978.916 2205.16
992 -6536.28 918.614 3278.65
993 -5946 835.656 4271.08
994 -5209.12 732.094 5157.95
995 -4343.85 610.488 5917.39
996 -3371.56 473.842 6530.69
997 -2316.24 325.527 6982.78
998 -1203.91 169.198 7262.55
999 -61.9439 8.70565 7363.16
