0 2743.85 4303.14 4671.3
1 -6794.78 -1141.8 702.862
2 -3661.75 -4147.03 -4174.53
3 2374.51 4342.11 4834.33
4 -5855.96 -645.888 3632.63
5 5196.96 -1933.25 -4156.33
6 -3547.96 -4174.47 -4244.98
7 -6795.02 -1158.34 677.858
8 -3400.25 -4205.2 -4335.06
9 -3379.18 -4208.18 -4348.61
10 2087.04 4358.96 4950.12
11 4680.85 -2353.95 -4535.89
12 4455.01 -1595.76 -5064.05
13 4777.5 -2280.77 -4472.06
14 -5199.32 -1750.05 4217.93
15 -4071.74 -4089.07 -3775.52
16 4803.58 -2262.19 -4453.65
17 4709.26 -1289.67 -4918.44
18 4561.99 -2440.59 -4610.83
19 -410.623 6273.5 2898.79
20 4541.21 -1494.33 -5017.63
21 -3695.13 -5104.55 -2883.07
22 -5756.75 -411.728 3819.85
23 -5791.09 -499.467 3757.46
24 -3892.53 -5061.04 -2693.5
25 -5813.87 -541.556 3715.69
26 -5113.54 -1313.07 4473.02
27 -5025.85 -948.346 4659.96
28 -4936.75 -648.548 4804.23
29 1203.32 5952.33 3320.58
30 4249.69 -1037.04 -5376.19
31 -4982.11 -796.36 4734.74
32 865.537 4923.45 4782.64
33 2477.02 4331.17 4792.75
34 -4699.7 2320.29 4518.06
35 835.828 4913.83 4798.34
36 4312.9 -910.444 -5348.65
37 4001.49 -1483.67 -5461.47
38 -5066.21 -1097.75 4583.6
39 4071.97 -1359.98 -5441.4
40 1111.92 4983.53 4668.94
41 4182.14 -1164.73 -5403.17
42 1190.6 4946.01 4674.16
43 -6003.67 -1046.28 3282.23
44 -5144.34 -1419.04 4404.74
45 -5259.74 -2177.38 3935.8
46 4388.51 -763.78 -5309.77
47 -5195.8 -1684.4 4248.77
48 -6194.67 -2512.6 1805.7
49 -6828.85 1071.99 -447.177
50 5936.73 1729.64 -3127.92
51 5769.1 1901.37 -3335.19
52 6524.59 -1804.69 1454.01
53 2469.13 -4068.89 5020.86
54 -6836.13 1043.28 -398.949
55 6612.29 -1647.24 1229.82
56 -4465.89 -2873.17 4436.22
57 2338.9 -4089.44 5066.31
58 -6832.49 1059.11 -421.599
59 -6817.33 1129.91 -516.044
60 6231.4 1375.72 -2699.59
61 6901.85 -440.6 -388.101
62 -4702.43 -2729.79 4279.98
63 6274.31 1313.6 -2630.11
64 6259.56 573.251 -2886.35
65 6289.36 1295.92 -2603
66 6571.63 -1725.25 1336.99
67 -5586.5 -639.608 4034.11
68 6239.32 -589.728 -2955.55
69 6364.12 -959.618 -2566.4
70 6090.24 -217.412 -3298.56
71 5916.41 120.47 -3606.25
72 6071.98 -3308.79 383.601
73 6202.09 -807.387 -2952.75
74 6185.1 -431.746 -3094.4
75 1893.51 -4799.26 4610.37
76 6027.24 -90.4882 -3418.06
77 5337.35 -961.636 -4254.6
78 6119.14 -3233.41 266.788
79 -5501.79 -756.206 4128.54
80 239.833 -5139.44 4573.57
81 1741.58 -4784.25 4685.04
82 -5420.48 -867.791 4213.32
83 5662.86 -2513.12 -3103.73
84 5618.24 -2031.32 -3511.64
85 5632.8 -2149.34 -3416.02
86 5560.45 -1636.67 -3798.2
87 5526.73 -1492.52 -3905.89
88 5668.97 -2760.97 -2872.4
89 5596.81 -1897.73 -3618.88
90 -4425.8 -1055.71 5211.29
91 5543.63 -1583.5 -3845.41
92 5592.13 -1832.15 -3659.63
93 5614.74 -1962.6 -3555.82
94 2606.53 -5765.36 2807.23
95 5657.62 -2401.22 -3200.14
96 5670.76 -2781.81 -2849.28
97 4180.96 -213.535 -5524.09
98 744.789 5653.97 -3937.58
99 951.088 5501.04 -4106.56
100 4714.5 -1900.74 -4710.77
101 -4259.81 -173.646 5425.69
102 4643.89 -3580.65 -3692.94
103 4664.44 -3444.86 -3794.78
104 -2859.44 5675.06 2665.13
105 4624.43 -3687.31 -3611.13
106 4710.7 -3039.34 -4074.33
107 4647.2 -3553.1 -3715.06
108 877.501 5553.37 -4052.26
109 4731.87 -2627.44 -4328.58
110 973.588 5481.75 -4126.89
111 4698 -3161.77 -3994.96
112 1466.6 6291.32 -2505.69
113 1546.38 6232.32 -2603.47
114 2460.31 5286.92 -3744.27
115 -2800.25 5443.93 3229.24
116 2396.09 5374.71 -3659.71
117 -1549.43 -6220.93 2611.88
118 -1627.69 -6158.65 2709.37
119 -2864.15 5353.56 3322.29
120 -1358.83 -6364.17 2361.65
121 1629.19 6168.31 -2704.2
122 4181.14 -222.657 -5523.46
123 -382.774 -6823.85 1113.47
124 1615.94 6180.3 -2684.96
125 4176.6 -72.6404 -5530.81
126 -2808.71 5428.67 3247.13
127 -2797.19 5449.87 3221.61
128 4706.9 -1771.12 -4768.83
129 4166.78 -526.327 -5513.77
130 4092.67 -831.132 -5531.51
131 3999.95 -1171.33 -5538.07
132 4134.75 -664.155 -5522.95
133 4173.42 -496.417 -5511.48
134 4091.19 -837.175 -5531.91
135 -816.472 6049.34 3262.3
136 -907.896 5985.73 3354.27
137 -1495.69 5493.2 3933.88
138 3958.9 -1309.76 -5536.47
139 -1204.04 5751.82 3654.9
140 4210.02 -333.863 -5495.97
141 4084.63 -862.315 -5532.8
142 4317.37 252.896 -5416.34
143 4209.05 -336.813 -5496.3
144 -1013.28 5905.13 3464.53
145 4121.31 -718.215 -5525.77
146 1491.72 -4446.3 5085.66
147 1504.69 -4434.36 5092.33
148 4796.05 209.464 4981.78
149 -5911.81 -765.665 -3533.47
150 -5196.84 -1655.22 -4275.8
151 -5830.22 -554.323 -3704.88
152 -5168.61 -1510.48 -4362.78
153 4616 -240.287 5147.51
154 1011.82 5880.94 -3523.46
155 1826.77 -3800.86 5483.46
156 85.4809 5497.47 -4219.16
157 6412.47 -418.904 2574.43
158 4739.18 60.3071 5039.75
159 -5215.82 -1774.03 -4204.3
160 -1574.95 -6019.45 3032.33
161 -1347.31 -5967.01 3238.11
162 4979.56 761.467 4742.98
163 4519.15 -468.735 5217.17
164 5426.97 -239.538 4286.28
165 1176.62 -4128.42 5424.51
166 1329.89 -4047.35 5449.94
167 -5873.39 -663.437 -3617.53
168 1186.83 5004.15 -4645.77
169 1942.44 -3761.96 5470.37
170 1602.25 -3896.96 5486.02
171 -6182.17 -1849.54 -2531.55
172 -4341.99 -2411.24 -4478.82
173 1483.81 -3963.5 5471.65
174 -5842.46 -578.451 -3681.76
175 5688.52 436.955 -3738.57
176 2152.76 -3562.49 5524.84
177 1750.06 -3811.09 5501.16
178 1030.45 -4203.21 5396.81
179 1589.68 -3874.6 5505.47
180 5486.88 -1650.53 3880.5
181 4716.83 -2322.33 4498.23
182 1831.06 -3799.71 5482.75
183 -6454.46 347.704 -2496.16
184 984.632 -4041.38 5527.06
185 1917.89 -3769.35 5473.84
186 6456.73 -329.841 2475.09
187 -6198.51 -2692.31 1507.81
188 -6320.44 -2531.91 1260.97
189 -5428.87 1164.49 -3732.59
190 -6461.45 334.859 -2479.8
191 1889.28 -3727.54 5512.32
192 193.777 5549.91 -4145.85
193 -5176.43 -1538.66 -4342.9
194 -5658.01 1482.75 -3716.66
195 4466.94 -2500.97 4654.44
196 -3252.71 5267.53 3097.93
197 -5643.02 -565.806 -3983.92
198 -3652.24 -3301.32 -4878.91
199 2765.64 3122.83 5517.95
200 1874.03 3805.85 5464.42
201 6829.51 -1065.98 -435.279
202 -3501.61 -3365.03 -4945.34
203 3229.31 3466.72 5041.05
204 2673.24 3664.07 5223.38
205 215.755 4157.93 5524.07
206 -3774.32 -3246.37 -4822.61
207 -3243.15 -3469.86 -5047.91
208 -3796.42 -3236.32 -4811.66
209 6285.09 -2159 -1957.08
210 -3385.68 -3413.8 -4992.23
211 -5838.86 -1828.7 -3254.67
212 2951.99 3568.91 5138.7
213 3384.46 3405.35 4980.94
214 3110.53 3512.23 5084.04
215 2812.34 3192.06 5454.27
216 6363.96 -2678.07 531.574
217 2536.11 3357.59 5490.37
218 2818.51 3188.72 5453.23
219 2303.39 3489.55 5510.78
220 6390.73 -2580.52 670.247
221 -6855.08 953.511 278.334
222 -5596.64 -640.1 -4037.77
223 2271.27 3506.53 5513.36
224 -5038.9 -1354.91 -4561.59
225 4809.09 398.258 4905.99
226 2727.67 3244.85 5466.38
227 6412.75 -2491.89 784.4
228 -5785.55 -341.939 -3800.42
229 -5674.08 -525.662 -3945.11
230 -5659.44 -543.058 -3963.59
231 -5735.94 -428.649 -3866.32
232 2492.26 3330.47 5526.87
233 6095.62 -2622.89 1971.62
234 6101.34 -2530.83 2070.82
235 6096.61 -2628.58 1961.78
236 -5194.71 -462.349 -4565.48
237 -5715.31 558.331 -3880.46
238 -5682.58 471.74 -3939.58
239 -5049 -690.846 -4698.15
240 -5751.11 651.15 -3812.45
241 -6838.73 1031.9 382.26
242 3009.01 2927.04 5498.01
243 2743.32 3139.78 5519.41
244 -4885.76 -929.593 -4827.85
245 2632.69 3225.16 5524.03
246 -5705.08 540.034 -3898.24
247 4248.55 1723.05 5180.45
248 -5758.45 669.856 -3797.64
249 -5762.29 -1906.54 -3345.08
250 -2944.4 -3581.09 -5151.98
251 4263.14 -4787.37 2611.1
252 -2841.02 -3441.59 -5302.73
253 -2571.47 -3823.61 -5176.65
254 2996.02 3191.41 5356.83
255 3070.19 3074 5383.21
256 4221.84 -4874.15 2515.99
257 2905.64 3331.38 5321.15
258 2734.26 3584.15 5247.54
259 -2485.98 -3935.7 -5134.69
260 2559.72 3826.37 5164.25
261 -734.071 6389.55 2562.08
262 3392.92 2516.87 5478.02
263 3160.5 2925 5413.92
264 1765.11 4755.93 4705.5
265 4211.59 -4900.12 2483.02
266 -1055.19 6475.41 2212.62
267 -3548.67 -3240.39 -4993.98
268 -3387.2 -3660.92 -4812.04
269 -3389.99 -3650.59 -4817.59
270 1945.96 5874.98 3100.84
271 -3336.14 -3778.21 -4756.42
272 3452.37 3466.36 4892.32
273 2992.86 -5161.42 3506.42
274 3050.21 4350.71 4433.13
275 -3793.99 -3675.55 -4486.19
276 1793.8 6017.79 2913.54
277 3326.53 3782.8 4742.98
278 2022.38 5798.91 3193.17
279 1868.23 5949.29 3005.73
280 4061.44 1130.61 5484.32
281 3062.25 -5043.53 3616.22
282 -3436.3 -3514.32 -4886.04
283 -3599.76 -3093.06 -5050.45
284 3118.6 -4949.52 3696.79
285 -3801.63 -3650.79 -4499.65
286 -3947.15 -3108.05 -4773.88
287 3704.41 3923.15 4332.51
288 -3878.93 -3381.6 -4642.07
289 3794.14 3640.8 4497.78
290 2888.04 5509.27 3037.08
291 5238.4 347.167 4506.91
292 1956.83 5861.7 3118.6
293 3710.37 3900.7 4347.47
294 2440.74 -5126.55 3954.85
295 3747.97 3790.76 4412.2
296 3937.54 3110.41 4763.78
297 3614.08 4169.44 4176.3
298 2824.07 5592.44 2944.32
299 2523.1 -5010.2 4051.78
300 2591.52 -4913.27 4126.16
301 -2667.86 -3690.46 -5224.48
302 4385.88 848.19 5282.24
303 4264.19 -15.343 5446.71
304 2137.82 -4796.66 4505.02
305 -4104.7 -4195.62 -3683.62
306 4234.01 3687.89 4045.61
307 4171.49 3940.68 3868.67
308 -3807.53 -4925.96 -3041.55
309 -3991.22 -4513.34 -3423.19
310 -3691.58 -5145.83 -2810.99
311 4197.23 3845.73 3935.83
312 4263.88 3546.73 4138.63
313 -5595.64 -1341.45 -3861.74
314 4205.49 3803.86 3967.26
315 5196.98 233.796 4562.36
316 4133.26 4077.61 3766.76
317 4093.96 4209.23 3663.73
318 4099.06 4184.09 3686.7
319 -3750.35 -5040.84 -2921.7
320 -4418.18 -2547.72 -4692.6
321 -4803.04 -1869.14 -4633.17
322 -4822.36 -2147.84 -4490.26
323 4530.74 4397.51 2838.02
324 4747.14 3496.19 3625.17
325 1211.55 -5155.53 4453.11
326 -4812.46 -1990.01 -4572.76
327 4639.36 782.68 5072.31
328 4666.73 924.305 5023.11
329 4416.9 -93.6949 5323.12
330 4080.6 -1057.13 5476.22
331 1866.41 -4532.32 4882.68
332 4667.29 905.786 5029.33
333 4689.3 1048.86 4977.49
334 4324.13 -388.427 5385.53
335 1664.07 -4737.63 4759.8
336 1701.81 -3988.13 5389.87
337 -499.265 -6197.52 3041.32
338 5401.22 740.397 4261.6
339 1144.26 5428.31 -4153.94
340 1302.07 5473.88 -4045.59
341 435.726 5190.18 -4571.97
342 5359.01 623.748 4332.75
343 1162.29 5434.01 -4140.95
344 1045.49 5401.44 -4214.16
345 4204.89 -317.297 5483.46
346 -3466.03 -5507.08 -2380.17
347 -5481.97 -955.813 -4130.75
348 -5743.04 -3120.49 -2299.49
349 5146.28 119.246 4623.14
350 -5525.11 -1091.94 -4038.39
351 -5587.8 -3817.67 -1482.61
352 1681.48 -4003.46 5384.96
353 1794.26 -3921.17 5409.07
354 -4788.39 -1710.09 -4709.47
355 -5432.45 -814.253 -4225.4
356 4235.45 -670.869 -5445.14
357 4475.62 75.9988 -5291.55
358 66.4858 6017.41 3418.46
359 -4838.65 -2389.57 4321.27
360 -4784.08 -1687.59 4699.16
361 -4765.76 -1583.17 4759.41
362 -3275.44 -3932.94 -4516.17
363 -4760.46 -1554.21 4774.35
364 -6409.29 -2614.06 260.398
365 -4355.49 -4802.09 2428.6
366 4280.83 -541.381 -5424.01
367 4223.83 -700.961 -5450.42
368 1936.04 -4499.87 -4903.26
369 -4798.46 -1891.26 4612.4
370 -4750.2 -1451.85 4816.15
371 4164.54 -859.08 -5473.35
372 4113.61 -991.394 -5489.43
373 -4823.88 -2565.93 4246.36
374 -5164.01 -171.246 4602.42
375 4894.74 -398.916 -4890.12
376 4701.45 -743.667 -5037.63
377 4848.78 -488.623 -4927.96
378 -5614.86 -1450.56 3777.64
379 -2791.72 -5660.97 -2860.33
380 -60.9663 4966.92 4815.61
381 -5649.41 -1596.12 3666.8
382 -3034.43 -5651.31 -2622.5
383 -2807.59 -5661.02 -2844.89
384 3333.78 -2301.27 5345.51
385 -3127.95 -5520.91 -2754.57
386 173.248 5071.55 4702.86
387 -5624.29 -1480.27 3752.13
388 -5589.1 -1346.28 3853.56
389 -2935.76 -5657.27 -2719.43
390 -4807.47 -2024.33 4546.25
391 1632.09 4688.09 4819
392 1516.57 4677.82 4866.62
393 -2684.28 -4723.38 -4303.62
394 -2832.72 -4718.06 -4213.19
395 2570.59 4719.8 4357.65
396 6264.78 354.944 -2938.7
397 6536.82 1380.25 -1831.42
398 6555.51 1764.63 -1376.32
399 1360.87 4658.43 4930.55
400 -2484.62 -4714.96 -4421.25
401 1228.92 4640.21 4981.83
402 5165.61 -1353.91 -4416.87
403 5272.19 -1265.89 -4304.6
404 5244.34 -1263.31 -4350.11
405 1494.22 4672.72 4877.95
406 -6487.27 -2341.66 637.686
407 -2707.47 -4724.79 -4287.42
408 -2559.62 -4728.04 -4373.7
409 5606.83 -3347.58 2296.67
410 -5507.63 1435.75 -3954.78
411 -5541.41 1579.1 -3851.07
412 -5500.08 1410.01 -3974.58
413 -5393.67 1023.26 -4231.35
414 4955.83 81.7469 4826.47
415 -2616.82 5766.78 2797.38
416 -2514.64 5766.05 2890.35
417 2386.59 3475.13 5484.72
418 -2390.6 5757.92 3009.23
419 -2494.66 5761.97 2915.38
420 2280.49 3568.94 5469.36
421 4898.15 201.322 4881.41
422 -5532.68 1549.07 -3876.1
423 -5435.34 1153.03 -4143.24
424 -5515.39 1457.43 -3935.77
425 5653.9 -2598.31 3030.41
426 -5535.74 1553.17 -3869.86
427 -5473.17 1300.71 -4048.24
428 2783.98 3218.27 5453.72
429 2692.35 3327.39 5434.49
430 2888.62 3088.51 5474.34
431 -5112.99 1752.96 -4338.45
432 4090.28 1246.26 5437.52
433 4865.29 -4474.53 2057.16
434 4907.06 -4365.1 2189.08
435 2764.02 3243.27 5448.99
436 -5039.13 1336.19 -4567.81
437 -1430.62 6099.65 2944.55
438 -1874.9 6175.3 2506.55
439 -1651.98 6143.43 2731.44
440 -1533.4 6119.97 2850.01
441 2671.42 3353.61 5428.8
442 2581.93 3456.69 5407.22
443 -1307.46 6068.85 3062.48
444 3224.64 3232.37 5197.56
445 -3136.28 -3434.44 -5138.22
446 2257.38 4796.45 4447.89
447 3141.5 3403.57 5139.38
448 2390.74 4626.67 4555.97
449 4333.49 -830.222 5327.59
450 -3073.36 -3552.85 -5095.29
451 2150.2 4935.82 4347.44
452 2770.74 4065.37 4864.88
453 3138.09 3412.27 5135.43
454 4361.37 -1409.16 5181.34
455 -3059.73 -3581.34 -5083.78
456 3893.43 -4430.91 3619.2
457 2917.05 3819.73 4976.99
458 2995.3 3679.11 5035.69
459 3849.14 -4542.77 3526.11
460 3075.06 3531.97 5093.07
461 2835.21 3960.18 4914.13
462 3518.71 2585.41 5365.54
463 5166.21 -3269.27 -3262.1
464 5900.02 -1059.04 -3476.49
465 -4539.42 -1376.47 5036.09
466 1394 -5137.53 4420.62
467 5177.8 -2383.91 -3941.41
468 4300.13 -399.525 -5421.15
469 1652.91 5496.96 -3882.78
470 1284.48 5836.22 -3508.56
471 5941.13 -1187.66 -3362.95
472 5603.52 -307.901 -4065.78
473 5103.57 -1715 -4364.11
474 1767.71 5376.64 -3999.64
475 4328.58 -675.381 -5370.76
476 1401.35 5730.3 -3636.16
477 5186.86 -2644.12 -3759.05
478 1660.49 -5189.66 4265.1
479 -422.104 -6409.85 2579.45
480 4250.16 -3183.12 -4453.36
481 1751.34 5395.88 -3980.55
482 5581.68 -1749.85 -3716.12
483 5190.22 -2778.66 -3656.09
484 -4431.53 -1508.23 5094.27
485 4185.92 353.038 -5513.09
486 1294.88 5824.8 -3523.89
487 5719.47 -567.463 -3871.3
488 5178.59 -2319.13 -3978.87
489 6025.64 -1569.05 -3040.8
490 6055.85 -1713.49 -2898.77
491 5166.26 -2239.91 -4039.54
492 5116.53 -1813.24 -4308.21
493 6065.71 -1795.13 -2828.3
494 5184.76 -2524.79 -3842.96
495 -4719 -1146.52 4927.73
496 5083.33 -1585.41 -4435.69
497 5613.26 -2010.46 -3531.55
498 1848.29 5291.05 -4076.31
499 5127.31 -1813.88 -4295.38
500 4164.83 -3617.47 -4195.38
501 4100.36 -3871.12 -4028.64
502 5822.71 -826.156 -3665.7
503 5183.36 -3022.75 -3466.53
504 5099.14 -3751.08 -2818.62
505 5139.02 -3522.02 -3033.1
506 -620.492 -6299.51 2801.18
507 -532.188 -6350.16 2704.05
508 5578.54 -2044.02 -3496.84
509 5884.2 -1021.28 -3514.61
510 1123.03 -5075.73 4565.98
511 4162.44 219.627 -5537.75
512 1633.39 -5192.33 4276.2
513 5156.57 -2123.54 -4114.64
514 5119.53 -1832.93 -4296.5
515 5581 -247.821 -4101.28
516 5813.69 -809.407 -3683.77
517 6124.59 240.066 -3233.38
518 712.025 -4186.2 5460.68
519 1596.39 -3841.82 5526.43
520 6343.21 -1380.99 2404.78
521 -6250.56 -2050.48 2158.52
522 1699.35 -3965.1 5407.67
523 966.69 -4093.58 5491.59
524 1003.86 -4079.71 5495.52
525 2152.82 -3583.29 5511.41
526 6573.44 -990.149 1934.61
527 -5772.95 566.261 -3791.25
528 -6107.61 -2213.1 2392.69
529 850.644 -4096.37 5508.7
530 -6460.25 -957.416 -2314.3
531 1159.06 -4020.77 5508.13
532 6880.44 720.425 -346.982
533 3984.68 -2433.46 5105.07
534 6332.1 -1393.58 2426.36
535 6410.03 -1283.93 2277.32
536 -6462.64 -930.478 -2318.81
537 6157.25 359.233 -2966.45
538 -5508.46 -1123.83 4035.24
539 6764.13 -575.127 1362.84
540 5868.01 653.325 -3628.32
541 -5690.66 685.648 -3895.28
542 -6162.97 -2149.01 2308.64
543 2002.65 -3901.32 5349.92
544 2302.82 -3507.4 5499.51
545 1460.02 -3899.64 5523.49
546 -6418.98 -785.848 -2488.38
547 1701.39 -3795.77 5526.97
548 6395.57 -1303.44 2307.45
549 -6412.19 -769.931 -2510.68
550 2155.2 -4614.67 4683.37
551 -6505.69 2368.37 187.511
552 6416.57 -2602.4 138.507
553 6446.4 -475.923 -2495.02
554 6333.26 -181.353 -2805.09
555 5741.72 -1297.73 -3656.62
556 -5432.46 -1215.36 4110.85
557 1863.95 -4606.26 4814.01
558 6827.98 -372.187 1092.02
559 -6882.67 124.628 -773.187
560 -6175.9 -2137.06 2285.47
561 -5708.95 664.454 -3872.11
562 5579.28 -1786.81 -3700.99
563 6412.1 -2613.27 157.937
564 2024.09 -4612.93 4742.53
565 6271.67 -1477.5 2531.11
566 2338.48 -4617.55 4591.89
567 1771.24 -3764.57 5526.4
568 2852.9 -3205.21 5426
569 2863.62 3913.29 4934.12
570 6878.67 -140.295 -796.526
571 3022.71 3876.27 4868.07
572 -6906.75 -72.6838 516.983
573 3518.82 3734.19 4641.23
574 -6898.4 10.4259 621.633
575 -3029.51 -3277.42 -5303.02
576 -3656.66 -3699.98 -4580.05
577 6895.64 -30.6763 -648.933
578 -5868.27 -1452.23 -3388.76
579 3691.01 3681.76 4548.49
580 -5529.64 -2745 -3149.38
581 2845.61 3916.82 4941.79
582 6905.01 57.3291 -536.097
583 -5607.04 -2683.77 -3062.97
584 -3922.61 -3607.39 -4431.79
585 -4728.21 -1512.75 -4637.01
586 -5608.57 -627.079 -4023.51
587 2853.09 3470.56 5260.15
588 -365.863 4144.05 5526.56
589 -5906.7 -1399 -3344.38
590 -6746.4 1544.94 276.69
591 -5649.63 -558.309 -3975.97
592 3007.03 3407.68 5215.39
593 -5783.82 -1547.79 -3490.78
594 6398.17 203.007 2633
595 2905.9 3329.06 5322.27
596 -5629.04 -1351.02 -3811.36
597 -6090.63 -763.99 -3217.27
598 6741.36 -1440.62 652.465
599 -2343.84 -3588.04 -5447.45
600 -6646.55 1952.26 28.5357
601 -3057.49 -3205.49 -5313.98
602 5954.27 -1873.17 -3007.2
603 2152.29 3728.16 5414.78
604 -6792.29 1360.88 22.7941
605 -5658.54 427.371 -3979.56
606 -5747.49 -1576.22 -3537.99
607 -5952.33 -1354.66 -3280.93
608 2575.51 3335.89 5485.37
609 2881.1 3460.7 5251.61
610 -2853.76 -3479.57 -5271.71
611 2338.05 3581.74 5436.41
612 -381.025 4327.72 5383.45
613 -3388.1 -3783.61 -4716.3
614 2775.58 3390.56 5352.65
615 6598.27 -289.133 2073.45
616 2210.01 3633.83 5455.37
617 -6671 1866.06 -86.7909
618 -5561.43 -1428.84 -3881.78
619 -5571.54 -1420.47 -3869.65
620 4039.05 -1031.05 -5537.33
621 4145.83 -757.547 -5502.62
622 -1878.22 5795.38 3285.11
623 -472.534 5988.01 3438.07
624 4286.69 -268.632 -5439.9
625 4322.22 -127.594 -5416.88
626 -205.026 5096.31 4674.82
627 4180.53 -41.6579 -5528.14
628 -1808.09 5851.42 3223.87
629 4153.28 -355.486 -5537.4
630 -4603.26 -2762.88 4365.41
631 -2062.6 5586.49 3526.49
632 4202.34 329.52 -5502.07
633 4704.57 -423.931 -5071.56
634 -1884.72 5777.14 3312.87
635 -4969.95 -1614.29 4535.45
636 -4616.6 -2180.15 4669.95
637 4210.34 614.505 -5471.33
638 -4613.82 -2463.92 4529.85
639 -320.242 5035.32 4734.29
640 4833.7 -155.843 -4964.48
641 4367.75 59.2892 -5381.39
642 -4024.82 -4969.61 2650.7
643 4182.88 -8.30409 -5526.57
644 -4618.32 -2211.55 4653.34
645 -430.206 4974 4789.34
646 -4608.93 -2562.43 4480.09
647 -5417.93 -1668.82 3969.54
648 4200.89 302.7 -5504.68
649 4242.84 -428.656 -5463.85
650 -5497.97 -2123.16 3628.85
651 4135.2 -525.552 -5537.53
652 -1937.46 5732.13 3360.33
653 -4617.64 -2079.95 4714.26
654 -4608.41 -2022.16 4748.32
655 3942.92 -1355.69 -5536.94
656 4432.99 358.736 -5315.64
657 4369.89 66.7276 -5379.55
658 -1791.55 5870.45 3199.49
659 -4608.88 -1891.5 4801.12
660 4182.07 -19.8929 -5527.24
661 -184.201 5109.47 4661.16
662 -1963.81 5697.9 3402.49
663 -0.112373 4990.81 4791.51
664 4166.49 -214.125 -5534.87
665 3882.68 -1515.32 -5537.94
666 -5702.26 -3392.48 1979.51
667 5968.72 21.4923 -3520.51
668 6129.71 -1015.88 -3067.4
669 4462.37 -4882.77 1562.41
670 6165.17 -1138.4 -2950.45
671 5640.01 118.705 -4025.69
672 -5129.56 -2421.42 3593.89
673 2544.8 -5054.08 3984.07
674 6089.52 -892.82 -3183.72
675 5760.38 -110.46 -3850.88
676 2283.83 -5042.03 4152.8
677 5957.38 -541.406 -3497.82
678 2803.21 -5055.15 3804.86
679 6192.82 -1244.13 -2849.01
680 6156.92 -1116.05 -2976
681 6264.66 -671.273 -2884.45
682 -4499.21 -1912.53 4895.63
683 5856.09 245.737 -3697.46
684 5901.63 140.576 -3629.91
685 -6749.11 1207.08 974.268
686 6062.52 794.174 -3260.84
687 -1020.89 -6479.19 1467.76
688 6307.1 398.455 -2842.14
689 -5154.68 -1819.7 4243.07
690 -5262.95 -1719.96 4150.74
691 5919.22 992.414 -3463.59
692 5767.78 1183.75 -3654.82
693 5916.56 1036.35 -3455.79
694 5826.98 1107.65 -3583.29
695 -3212.99 4721.57 3581.98
696 5870.4 -2108.63 -3017.59
697 5838.38 -1850.57 -3241.1
698 5623.57 160.422 -4046.86
699 -4290.79 -1469.24 5223.8
700 5883.8 -2233.66 -2899.24
701 5114.64 -4665.29 205.483
702 5887.28 -2256.49 -2873.88
703 4829.67 -1293.37 -4799.42
704 -641.146 6131.5 -3164.86
705 454.039 5575.41 -4090.86
706 6127.19 -987.779 -3082.3
707 -4148.56 -2019.29 5154.8
708 5894.45 -378.64 -3624.09
709 5575.44 -868.219 -4023.46
710 -3927.3 -2228.65 5241.12
711 6197.71 -1254.34 -2833.47
712 5893.64 -2359.18 -2776.91
713 5925.53 987.36 -3454.51
714 5060.93 -677.672 -4686.22
715 5459.18 -1260.61 -4078.58
716 5414.71 -2407.47 -3592.82
717 -61.0643 6402.9 -2648.83
718 4954.97 -2596.48 -4091.11
719 5219.81 -61.0769 -4522.26
720 4938.55 -3109.77 -3736.42
721 5353 -1873.37 -3982.42
722 4327.59 538.254 -5387.16
723 5142.14 -941.281 -4549.89
724 228.976 5713.43 -3915.64
725 5090.1 -1557.42 -4438.25
726 5339.23 -816.77 -4342.19
727 4951.44 -2447.01 -4185.94
728 4741.52 -853.679 -4982.53
729 4082.44 911.942 -5526.36
730 5411.86 -2316.05 -3657.09
731 -211.056 5948.54 -3548.07
732 5428.89 -2782.66 -3286.42
733 4950.98 -2857.59 -3917.74
734 5428.75 -2911.34 -3173.35
735 5178.32 -1069.87 -4479.81
736 5393.18 -996.297 -4236.64
737 4735.97 -805.98 -4995.67
738 5391.94 -391.537 -4335.89
739 5373.39 -2007.97 -3888.22
740 4775.23 -1006.03 -4921.46
741 4916.12 -1902.59 -4499.25
742 5407.93 -2292.26 -3677.23
743 5664.05 -1134.12 -3827.94
744 649.679 6012.8 -3383.05
745 5307.76 -1616.9 -4152.4
746 -6776.84 -314.408 100.347
747 5358.86 -1900.98 -3961.91
748 5423.68 -2539.09 -3486.92
749 26.9309 5825.2 -3754.05
750 5392.98 -2154.78 -3781.03
751 5334.93 -1760.65 -4057.74
752 -4085.62 4587.97 3188.13
753 4939.35 -2178.87 -4346.11
754 5417.04 -3144.05 -2963.89
755 5695.31 -1242.74 -3747.56
756 4530.47 -1753.27 -4943.19
757 4389.05 194.352 5343.61
758 -5824.08 26.7038 -3755.77
759 -4618.27 -2620.78 -4453.38
760 1975.88 -3750.9 5465.97
761 -6180.89 -2689.84 -1599.78
762 1364.4 -3929.43 5526.88
763 -5727.07 -954.823 -3783.12
764 -4622.76 -2156.66 -4691.55
765 -5954.92 -3055.76 -1789.06
766 4406.53 -124.812 5331.26
767 5500.62 -112.659 4197.1
768 -5662.7 -761.053 -3922.07
769 2003.09 -4647.68 4717.58
770 154.989 -6156.87 3157.14
771 4448.18 3808.89 3688.4
772 1989.53 -4665.09 4706.2
773 1884.34 -4783.97 4629.71
774 1704.94 -4106.88 5299.31
775 -5813.04 43.2617 -3772.4
776 2090.27 -4548.32 4775.94
777 2887.33 -3286.72 5358.3
778 4325.66 -84.6608 5397.78
779 -3076.17 -6148.17 -847.404
780 -4624.52 -2309.19 -4616.38
781 -4617.76 -2590.84 -4471.32
782 -3234.72 -6024.42 -1110
783 -6357.8 -1536.45 -2286.2
784 -6326.1 -1341.25 -2488.93
785 963.564 5150.44 -4536.3
786 2628.99 -3235.43 5519.93
787 714.763 5077.04 -4663.22
788 1832.58 -3737.44 5524.68
789 -5908.98 -3252.96 -1581.08
790 -5956.96 -3041.03 -1807.51
791 5550.52 504.45 4101.67
792 4422.26 3918.06 3604.64
793 1779.86 -4897.76 4551.59
794 -5421.93 -1614.66 -4002.82
795 -3568.82 -5695.64 -1678.64
796 452.593 4989.22 -4789.43
797 593.824 5037.89 -4722.2
798 6414.39 -386.551 2573.61
799 2017.83 -3648.93 5519.31
800 -6344.54 -1445.51 -2380.75
801 1704.47 -3897.85 5454.63
802 4351.89 29.5541 5377.38
803 -5999.1 -2546.8 -2352.15
804 5169.01 738.63 4540.06
805 -5759.67 141.793 -3851.22
806 836.949 5114.72 -4601.49
807 1968.8 -3719.09 5490.26
808 2104.48 -3623.15 5504.08
809 2578.85 -3263.73 5526.92
810 4550.75 1168.79 5078.57
811 -5759.07 -1057.31 -3707.03
812 -5939.89 -3135.69 -1699.1
813 2191.18 -3560.66 5510.83
814 6471 254.033 2447.12
815 5132.54 -1689.19 4322.38
816 6842.71 1072.46 -35.0775
817 1972.5 -3662.25 5526.94
818 6511.61 363.198 2321.88
819 2359.74 -3434.45 5521.44
820 5330.98 -793.666 4339.41
821 2407.97 -3491.49 5464.57
822 661.742 5503.04 -4160.39
823 -5988.76 -3167.51 1429.73
824 6836.36 233.178 1078.78
825 6409.32 -884.231 2461.99
826 -5940.53 -197.745 -3563.58
827 1532.88 -3890.32 5510.43
828 5291.05 -855.599 4376.35
829 6442.72 174.036 2526.05
830 6479.15 268.998 2423.47
831 5760.81 2851.32 -2586.67
832 -5501.11 -2101.24 -3653.42
833 745.944 5532.38 -4107.02
834 3457.42 -3901.57 -4261.95
835 6460.17 -796.651 2356.99
836 6433.67 157.108 2550.23
837 5105.77 -1711.98 4345.04
838 -5925.14 -3234.79 1540.92
839 -5486.96 -1986.86 -3737.27
840 -5417.59 -1598.26 -4014.91
841 6809.35 1241.44 -254.839
842 -5607.6 -3747.84 1566.32
843 -6160.81 -731.464 -3087.16
844 5439.32 -1377.14 4050.71
845 -5827.89 22.4262 -3749.72
846 2817.56 -3548.4 5227.51
847 2241.06 -3511.1 5522.59
848 -5841.24 1.68126 -3728.84
849 5773.3 -108.731 3814.63
850 -202.124 5108.52 -4679.8
851 4715.6 -2066.22 4622.32
852 -6337.67 -1374.61 -2440.19
853 5565.9 -451.302 4087.06
854 768.618 5543.39 -4088.05
855 1816.88 -3745.76 5524.26
856 2303.54 -3588.99 5446.37
857 634.736 5490.43 -4181.47
858 -5439.47 -1712.62 -3937.55
859 2280.02 -3611.27 5441.6
860 2185.21 -3697.39 5422.71
861 5335.67 1263 4221.55
862 2612.67 -3418.9 5416.28
863 6755.5 -118.468 1514.19
864 -5768.29 -2835.97 2570.83
865 2955.03 -3495.78 5186.95
866 -5845.82 -3311.17 1674.25
867 -5516.96 -2236.65 -3546.66
868 -6201.27 340.534 -3073.35
869 -6149.81 432.033 -3164.24
870 2491.91 -3476.28 5436.73
871 4004.51 3681.36 4278.07
872 4041.75 3531.4 4367.81
873 4151.68 3005.65 4648.25
874 1756.5 -3822.37 5491.22
875 4708.74 453.361 5048.49
876 4039.99 3542.2 4360.59
877 -3351.94 -5263.15 -3012.37
878 -5241.59 -1737.19 4170.72
879 3798.05 4335.51 3831.03
880 5833.85 -1855.74 -3246.87
881 -337.674 5516.56 -4181.83
882 5976.14 912.593 -3387.27
883 2328.8 -4897.27 4297.46
884 -4172.58 -2985.22 -4659.25
885 2322.06 -4427.09 4782.99
886 -4865.81 -4152.41 -2663.5
887 2493.65 -3630.7 5334.17
888 6490.8 -2346.1 570.343
889 -317.276 5526.8 -4169.37
890 -3209.88 -5489.67 -2751
891 5838.95 1094.14 -3567.84
892 4058.36 4315.48 3579.15
893 434.432 5912.44 -3588.59
894 2404.84 -4792.24 4373.55
895 -5454.48 -1859.32 -3849.19
896 2586.41 -3518.42 5365.05
897 2647.43 -4436.07 4602.39
898 4978.9 1654.39 4511.5
899 4789.57 721.077 4940.22
900 4902.94 1225.74 4725.68
901 -2030.13 -6554.99 -945.583
902 3656.58 4681.33 3552.91
903 -765.378 5232.45 -4480.15
904 3384.99 5203.91 3062.8
905 3274.5 5378.11 2876.77
906 4933.46 1380.44 4650.69
907 2564.27 -4563.72 4524.71
908 2478.33 -4691.01 4441.53
909 5739.12 -1393.55 -3625.1
910 5423.55 -2090.87 -3773.33
911 4325.12 -640.622 5360.71
912 -1003.86 -6118.66 3076.36
913 -5403.57 -1263.56 4134.22
914 -5033.64 -2110.41 -4270.52
915 4987.27 788.778 4730.36
916 5108.91 1313.7 4477.99
917 3926.37 3959.45 4098.59
918 -5010.97 -1864.47 -4409.55
919 4272.47 -765.917 5386.24
920 -5023.91 -1985.75 -4341.31
921 2160.76 -3720.71 5416.75
922 248.992 5832.69 -3734.06
923 4901.08 1220.01 4729.12
924 4726.61 503.614 5026.82
925 5184.77 -1088.54 -4468.15
926 4119.81 -597.694 5524.52
927 4159.22 -365.05 5515.27
928 -3298.67 -4682.89 -3901.57
929 -3012.08 5523.82 2887.38
930 -5609.97 944.66 -3957.74
931 -6280.35 -2830.97 717.969
932 -2378.96 -4943.41 -4235.49
933 -2774.66 5984.68 2105.07
934 4636.91 -1641.47 -4882.28
935 -4511.65 -1904.38 -4905.1
936 -2910.14 -5657.24 -2747.47
937 -2938.01 -5418.63 -3167.45
938 5560.43 -3623.63 1968.53
939 4762.79 -303.77 -5025.77
940 -5964.82 -2954.63 1905.71
941 2352.2 3431.88 5526.12
942 5095.56 -1115.22 -4562.35
943 2228.83 4694.85 4451
944 1078.82 4794.19 4869.65
945 4533.75 -456.348 -5222.35
946 -5841.07 -1351.7 3458.97
947 314.513 4928.95 4844.88
948 5266.37 -895.685 -4414.04
949 -6387.87 -2167.48 1566.03
950 6286.73 1149.69 -2675.57
951 -5890.69 -1565.72 3280.41
952 -3377.68 -5382.08 -2765.3
953 -2502.56 -4945.06 -4161.4
954 -2257.94 -4938.72 -4306.87
955 -6254.43 -2912.69 608.141
956 5353.52 -780.09 -4330.57
957 2037.25 4526.3 4819.08
958 5041.25 -862.456 -4676.79
959 470.534 4986.62 4772.61
960 -3169.04 -5405.68 -2959.64
961 -5754.78 -1069.89 3693.42
962 5891.49 1542.58 -3304.97
963 -5524.27 -3018.66 2879.58
964 5913.43 1653.25 -3211.89
965 -5110.42 -1268.51 4489.69
966 -5660.65 -3572.95 1771.81
967 -5034.86 -972.935 4645.54
968 -5280.88 -2438.53 3750.95
969 591.545 5027.7 4716.06
970 -5067.49 -1152.83 4568.39
971 -710.893 4132.33 5501.82
972 781.13 4894.28 4827.12
973 749.069 4884.32 4842
974 -271.558 5066.04 4704.24
975 -5493.72 -2104.52 3646.07
976 -5529.9 -2915.35 2973.67
977 -522.067 4923.43 4832.23
978 5919.98 1677.57 -3186.41
979 4799.76 -893.406 -4918.79
980 345.889 4941.69 4829.59
981 6491.5 972.926 -2157.42
982 5938.38 1781.21 -3094.21
983 -5890.42 -3349.86 1426.34
984 4176.99 -300.858 -5522.89
985 4599.55 -308.712 -5175.26
986 4388.93 -505.624 -5340.39
987 -2280.35 -5880.37 -2871.23
988 4094.05 -781.67 -5537.91
989 4450.44 -348.922 -5301.69
990 4699.65 380.186 -5079.61
991 -4850.78 -1006.99 4829.92
992 4510.11 -190.723 -5259.2
993 4619.79 121.039 -5164.91
994 -2142.69 5496.92 3618.14
995 -4917.86 -1322.03 4684.21
996 -4938.97 -1439.35 4627.21
997 -5007.02 -1889.63 4386.74
998 -4742.71 -1429.51 4830.68
999 4150.85 -380.225 -5537.76
1000 4337.33 -633.198 -5368.83
1001 4464.54 -315.158 -5292.13
1002 -4977.21 -1743.27 4479.52
1003 -4365.72 -2984.2 4462.83
1004 -5431.47 -1716.58 3930.78
1005 4204.11 -358.698 -5498.8
1006 2461.54 -4778.16 -4375.63
1007 -1830.31 -6282.28 2260.75
1008 4401.94 -475.38 -5332.44
1009 -2298.05 5689.64 3201.58
1010 -4883.86 -1155.96 4762.65
1011 4031.17 -1084.34 -5533.05
1012 4268.77 -36.0446 -5460.12
1013 4228.64 76.5128 -5491.11
1014 -1720.34 5603.37 3679.14
1015 4152.99 -359.437 -5537.48
1016 -1732.73 5588.71 3695.54
1017 -1750.22 -6341.85 2156.3
1018 4202.22 -124.567 -5510.52
1019 4169.03 40.2195 -5537.03
1020 3063.62 -3786.44 -4931.01
1021 -1427.39 5882.59 3355.54
1022 -1541.64 5775.73 3487.85
1023 -1361.22 5934.22 3291.51
1024 33.3174 -6306.25 -2871.62
1025 -1672.22 -6336.57 2232.52
1026 -1310.65 -6572.79 1738.58
1027 -1483.37 -6469.29 1971.94
1028 -2979.52 -6252.46 74.4763
1029 1728.72 6668.02 -729.613
1030 1469.99 -5921.64 -3286.21
1031 671.853 -6474.85 -2374.44
1032 -1130.7 6458.44 2222.97
1033 -4239.33 -1984.09 5094.54
1034 -337.047 5571.49 4089.88
1035 1712.45 6675.05 -700.172
1036 -5202.35 -988.251 4454.31
1037 -4968.04 -2031.77 4367.57
1038 -4878.37 -1355.53 4715.63
1039 -1995.56 -6071.66 2659.68
1040 1222.21 6766.97 -837.769
1041 1557.18 6731.73 -488.308
1042 1019.19 -6268.14 -2772.69
1043 -1018.65 -6847.63 -231.141
1044 749.353 5944.57 -3482.1
1045 -1535.18 -6235.45 2585.96
1046 4168.66 15.1709 -5537.4
1047 -1064.45 -6293.84 2678.22
1048 4166.14 -126.898 -5537.87
1049 1156.03 6239.63 -2783.05
1050 1066.04 6302.28 -2674.78
1051 4160.85 -298.561 -5535.33
1052 5932.12 1764.04 -3116.36
1053 4165.65 -154.283 -5537.69
1054 4702.36 -1736.63 -4786.31
1055 -2478.81 5464.27 3449.31
1056 -4559.1 -2461.92 -4352.37
1057 -2382.46 5588.91 3315.54
1058 36.7323 5010.12 4770.96
1059 -880.997 -6410.99 2458.47
1060 -1167.34 -6220.89 2802.9
1061 -964.796 -6360.4 2556.43
1062 -3264.04 5178.28 3230.5
1063 4720.26 -2894.69 -4167.48
1064 4473.12 -1000.39 -5198.93
1065 1182.79 5605.98 -3899.02
1066 4162.06 330.993 -5532.46
1067 -3758.66 4751.65 3346.79
1068 -148.375 -6293.77 2877.63
1069 4665.28 -1304.53 -4956.85
1070 77.3079 -6628.22 1998.97
1071 1257.46 5546.97 -3959.78
1072 -996.59 -6335.27 2606.78
1073 -981.889 -6346.78 2584.07
1074 -565.612 4045.56 5369.63
1075 4447.2 -3328 -4144.12
1076 3505.32 -3946.3 -4442.62
1077 -3330.37 5061.66 3345.48
1078 1167.77 6231.22 -2797.12
1079 452.85 5848.5 -3689.83
1080 1070.64 6297.64 -2684.66
1081 -3273.38 5158.01 3253.46
1082 1248.44 6652.95 -1474.51
1083 -344.11 -6671.84 1818.69
1084 -2317.35 5671.33 3220.76
1085 4465.67 -3210.79 -4216.45
1086 -2248.55 5739.71 3147.54
1087 2170.48 5989.03 -2726.81
1088 -2392.91 5574.86 3331.51
1089 4918.59 591.454 4527.86
1090 1165.96 5622.26 -3880.39
1091 1057.08 5712.5 -3778.34
1092 4182.48 160.105 -5524.66
1093 -3327.58 5070.39 3334.82
1094 542.292 5778.14 -3787.69
1095 -956.401 -6367.32 2543.13
1096 1248.84 5521.22 -3997.91
1097 4525.52 -1623.95 -4991.8
1098 1368.53 5765.82 -3592.77
1099 -2230.09 5765.84 3113.29
1100 -3318.12 5086.95 3319.87
1101 -3385.09 4964.4 3434.9
1102 -47.1664 -6342.88 2772.1
1103 2050.7 -4811.45 4529.92
1104 6421.27 179.287 -2596.66
1105 980.318 6356.8 -2575.59
1106 -1448.57 5868.77 3370.33
1107 -5366.62 -1618.83 4058.34
1108 -457.646 -6804.82 1199.64
1109 -769.74 -6469.05 2342.33
1110 3952.51 -1331.65 -5535.84
1111 -4419.34 -2451.72 4725.53
1112 -2324.99 5653.76 3246.28
1113 4169.04 -184.192 -5534.16
1114 5096.65 -1681.66 -4384.55
1115 5733.01 -1379.69 -3640.12
1116 -494.677 -6356.62 2695.75
1117 6299.37 1270.64 -2589.6
1118 5879.19 -2215.51 -2922.23
1119 4650.55 -1186.96 -4999.87
1120 3099.39 5203.82 -3366.91
1121 -4605.72 -2281.4 4632.45
1122 -2414.35 5571.84 3321.63
1123 2295.74 -4426.45 4796.27
1124 5393.72 -1028.21 -4228.16
1125 3999.62 -1198.53 -5532.36
1126 1547.55 -5169.87 4331.12
1127 2580.97 -4408.97 4665.71
1128 5448.49 -4264.04 316.023
1129 -4604.19 -4633.35 1861.88
1130 5251.79 -1352.32 -4314.73
1131 -1069.47 -6538.27 2011.34
1132 4181.08 -265.852 -5521.65
1133 5767.43 -80.3142 -3841.49
1134 5474.7 -578.751 -4209.69
1135 -2958.28 5246.82 3408.69
1136 -3028.07 5529.93 2857.2
1137 5990.04 487.401 -3449.54
1138 6001.98 447.709 -3434.18
1139 -5176.5 -1802.78 4224.06
1140 5302.31 -183.631 -4458.83
1141 1506.02 6243.63 -2600.02
1142 -5313.98 -1344.8 4223.17
1143 6189.7 598.994 -3057.52
1144 -296.437 5050.18 4719.66
1145 2051.04 -4615.22 4728.75
1146 -6617.49 1814.12 936.999
1147 6229.92 40.5877 -3033.8
1148 -2974.95 -3719.79 -5034.62
1149 -795.626 4277.62 5378.23
1150 5994.98 -2165.4 -2715.47
1151 6155.25 -1913.48 -2539.82
1152 5497.45 2530.74 3356.98
1153 5994.62 565.853 3411.81
1154 -448.084 -4149.58 -5533.56
1155 5477.26 2544.06 3379.71
1156 6065.95 453.791 3300.36
1157 -721.893 -4104.9 -5538.01
1158 -1642.73 -3835.58 -5534.48
1159 -1024.52 -4053.22 -5528.06
1160 -1097.5 -4020.92 -5537.96
1161 -125.399 6359.47 2733.21
1162 6122.22 359.19 3207.72
1163 5774.81 878.916 3710.64
1164 -707.718 -4107.43 -5538.03
1165 -4812.5 -3030.96 -3961.15
1166 -745.052 -4100.77 -5538.02
1167 5911.6 1467.19 3286.26
1168 5304.4 -2367.05 -3778.2
1169 5665.48 2391.47 3175.43
1170 -6020.83 2374.33 2458.92
1171 5772.14 1628.07 3453.59
1172 5583.51 2460.33 3266.13
1173 6056.02 468.954 3317.04
1174 5920.39 674.807 3519.29
1175 5985.33 577.829 3425.21
1176 -6701.89 1049.44 1393.7
1177 -571.68 -4130.18 -5536.71
1178 -934.054 -4063.54 -5536.76
1179 -390.799 -4238.55 -5470.01
1180 -406.619 -4155.96 -5532.01
1181 -6147.96 1894.83 2557.97
1182 -1347.7 -3944.22 -5537.71
1183 -6162.59 1897.86 2520.6
1184 -4545.73 2935.19 -4331.36
1185 -6082.76 1986.13 2643.43
1186 -1525.23 -4159.78 -5330.17
1187 -1507.58 -3886.45 -5537.4
1188 -6066.09 2001.32 2669.73
1189 -576.658 -4153.37 -5518.76
1190 6005.06 -2077.47 -2761.42
1191 6163.36 -1534.71 -2768.13
1192 -6008.19 2066.25 2750.15
1193 -1049.35 -4045.65 -5529.22
1194 -430.476 -4159.79 -5527.2
1195 -838.14 -4112.04 -5516.16
1196 -6236.19 1808.61 2403.13
1197 5568.76 2469.11 3284.33
1198 -720.503 -4147.07 -5506.64
1199 4709.34 -1445.57 4857.32
1200 -552.06 -4195.02 -5489.59
1201 -691.075 -4155.86 -5503.61
1202 -745.537 -4144.03 -5505.63
1203 6300.6 -1365.83 -2536.44
1204 5549.55 -2487.37 -3320.39
1205 -1191.59 -3998.55 -5534.76
1206 -886.45 -4097.14 -5519.65
1207 -1020.81 -4054.83 -5527.78
1208 3047.52 -2872.43 5505.52
1209 4708.05 -2012.03 4653.47
1210 894.144 4983.25 -4732.96
1211 2212.02 5220.06 -3985.79
1212 -1397.66 -5660.07 -3745.85
1213 -3120.2 4135.11 -4604.64
1214 244.792 6914.4 325.596
1215 -2416.72 5644.35 -3213.61
1216 -2259.3 5822.41 -3002.24
1217 -3382.77 4047.83 -4495.24
1218 -3372.91 4073.9 -4479.25
1219 -3258.92 4324.43 -4326.05
1220 -3202.03 4441.01 -4250.01
1221 -2452.31 -5602.55 -3257.23
1222 -621.189 -6849.76 -821.409
1223 -535.106 -6869.3 -709.184
1224 -3320.09 4212.65 -4389.49
1225 3420.33 -3938.1 4545.88
1226 3468.74 -3819.67 4609.39
1227 3362.46 -4077.46 4465.51
1228 3247.18 -4330.79 4310.4
1229 3459.35 -3848.14 4592.77
1230 3352.66 -4104.73 4447.89
1231 331.882 6904.53 436.26
1232 4186.7 -2547.13 4883.34
1233 -3890.73 3919.28 -4187.44
1234 -3925.41 3807.1 -4258.52
1235 -3997.94 3549.92 -4410.54
1236 -3993.85 3567.78 -4399.67
1237 -2110.62 -5268.66 -3975.95
1238 -535.428 -6544.81 -2208.36
1239 -727.32 -6443.77 -2439.53
1240 -2448.98 -4830.97 -4322.82
1241 -2374.05 -4931.64 -4250.87
1242 3988.23 -3550.89 4399.74
1243 4019.2 -3427.68 4468.79
1244 1493.28 5970.39 3169.04
1245 3983.74 -3574.96 4384.58
1246 4016.07 -3451.79 4452.8
1247 3982.84 -3581.59 4380.01
1248 3979.16 -3599.19 4368.77
1249 4009.69 -3483.67 4433.94
1250 -4528.31 3057.8 -4264.15
1251 -4553.76 2795.07 -4414.67
1252 4167.01 -4369.23 3382.45
1253 -1829.7 -4923.54 -4520.78
1254 -2016.99 -4715.05 -4661.51
1255 997.774 -6625.04 -1761.89
1256 -1755.79 -5000.56 -4466.39
1257 -2032.15 -4694.43 -4675.67
1258 -2472.98 -4142.45 -4975.79
1259 4568.86 -2265.85 4675.33
1260 4550.51 -1561.89 4971.39
1261 4552.17 -1585.04 4962.3
1262 4566.77 -1876.44 4846.33
1263 4562.06 -1744.87 4899.16
1264 4460.61 -727.678 5237.01
1265 -1956.27 6620.56 563.902
1266 -2040.8 6603.23 451.603
1267 -4373.46 3918.33 -3681.21
1268 -5826.49 -2871.48 2394.83
1269 -3094.63 -4097.91 4637.44
1270 -816.233 -4263.38 5386.21
1271 2842.8 -3503.22 5244.24
1272 2583.91 -3599.4 5312.45
1273 2685.56 -3562.06 5287.21
1274 2815.14 -3512.17 5253.22
1275 2103.06 -3760.47 5411.88
1276 2229.84 -3719.78 5389.27
1277 3149.33 -3376.83 5151.55
1278 -2782.71 3665.53 -5182.63
1279 2590.92 -3709.78 5232.8
1280 3346.4 -3457.52 4970.86
1281 2581.68 -3854.52 5131.8
1282 2712.87 -3821.47 5088.89
1283 -3146.44 3699.31 -4944.89
1284 2421.04 -3891.63 5181.93
1285 2555.85 -3859.61 5140.92
1286 1824.56 -4007.71 5334.96
1287 -5293.66 -2682.03 3561.76
1288 -2608.56 3858.4 -5132.97
1289 -2467.81 3891.37 -5177.65
1290 -2447.3 3895.44 -5184.05
1291 -2580.83 3863.44 -5143.25
1292 5858.98 -2216.86 2944.48
1293 5684.47 -2372.98 3156.6
1294 -5528.46 -2512.07 3321.66
1295 1679.75 -4030.58 5365.32
1296 -1243.14 -4093.57 5436.11
1297 3305.28 -3651.48 4858.88
1298 3029.6 -3736.26 4972.56
1299 3152.84 -3698.5 4923.9
1300 2871.25 -3780.21 5032.6
1301 2916.61 -3934.59 4886.53
1302 -2597.05 -3720.98 5221.85
1303 -5648.74 -2094.56 3407.6
1304 -5162.88 -2112.24 4095.4
1305 5140.82 -3344.56 3207.94
1306 5235.41 -3287.07 3114.2
1307 5324.53 -3230.3 3020.65
1308 4126.55 -3805.15 4047.42
1309 -2768.02 4156.56 -4805.97
1310 3604.3 -3946.26 4394.83
1311 -5220.94 -2141.55 4005.95
1312 -2607.5 4179.48 -4875.47
1313 -2320.24 4215.18 -4988.77
1314 -2024.05 4242.68 -5093.12
1315 3480.42 -4006.69 4439.88
1316 5342 -3221.27 2999.8
1317 3742.07 -3935.78 4288.16
1318 3328.76 -4041.56 4523.31
1319 -5717.64 -1690.42 3515.22
1320 3176.51 -4074.21 4602.85
1321 3299.45 -4045.7 4540.93
1322 -5734.51 -1674.71 3494.61
1323 2743.89 -4150.17 4807.62
1324 -2228.4 4074.2 -5145.33
1325 -4036.99 -1380.64 5444.81
1326 -2317.94 6341.91 -1551.25
1327 4991.06 -1980.05 -4381.28
1328 -351.794 -4312.6 -5414.77
1329 -5389.61 3464.8 2623.65
1330 5469.97 -3414.81 -2532.76
1331 -1645.19 -3834.64 -5534.43
1332 6096 -60.1131 3276.38
1333 6060.04 485.577 3307.33
1334 -5572.72 3309.93 2433.62
1335 -5998.64 2391.67 2496.65
1336 -3098.96 -4105.99 -4645.21
1337 -3669.14 -4441.66 -3852.74
1338 -2142.26 -4241.19 -5046.41
1339 5584.25 -1817.5 -3678.36
1340 5393.13 -1994.29 -3867.32
1341 5477.47 -1916.81 -3786.59
1342 5561.44 -1835.12 -3704.19
1343 -3546.33 -4008.31 -4403.67
1344 -3808.17 -3937.23 -4246.64
1345 -4061.43 -3858.17 -4081.2
1346 -3561.41 -3942.26 -4451.44
1347 -3821.64 -3867.12 -4298.69
1348 5492.15 -1902.85 -3772.58
1349 -4441.51 -3720.09 -3803.84
1350 -3601.44 -3998.65 -4368.13
1351 -4550.78 -3676.89 -3715.24
1352 -4571.71 -3665.26 -3701.11
1353 -4792.69 -3566.94 -3512.77
1354 -4359.83 -3755.65 -3862.75
1355 5772.53 -1629.57 -3468.88
1356 5599.61 -1804.87 -3660.79
1357 -4784.72 -3840.82 -3222.17
1358 5404.63 -1644.8 -4012.82
1359 -1974.14 -4405.13 -4973.95
1360 -3832.4 -4165.68 -3999.26
1361 -3227.12 -4534.16 -4130.79
1362 -2542.55 -4581.7 -4536.86
1363 -3516.22 -4479.84 -3949.75
1364 -3491.36 -4481.17 -3970.49
1365 -2864.01 -4552.27 -4371.59
1366 -4180.5 -4317.28 -3451.77
1367 -4649.14 -4156.04 -3022.5
1368 -4417.14 -4240.03 -3245.66
1369 -4515.32 -4205.66 -3155.04
1370 -4747.15 -4112.84 -2927.99
1371 -3010.39 -4539.94 -4285.3
1372 -3944.96 -4380.66 -3644.24
1373 -3127.19 -4526.5 -4216.8
1374 -4050.75 -4353.36 -3560.01
1375 -3648.23 -4443.08 -3870.99
1376 -3920.8 -4385.52 -3665.12
1377 -3808.52 -4412.68 -3748.29
1378 -3538.13 -4949.23 -3319.45
1379 -3926.79 -4894.31 -2941.39
1380 -3182.03 -4989.24 -3607.2
1381 -3424.11 -4964.33 -3414.85
1382 -3036.72 -5015.3 -3695.45
1383 -3292.3 -4977.79 -3522.93
1384 -3277.41 -4978.42 -3536.69
1385 -3156.97 -4988.21 -3630.82
1386 -2905.75 5530.34 2982.78
1387 2538.46 3302.08 5522.75
1388 -5996.7 615.34 -3419.77
1389 6301.15 -2178.83 1863.33
1390 -5687.65 1192.33 -3776.58
1391 5853.68 -2067.64 3059.87
1392 -2795.23 5531.29 3084.18
1393 2379.11 4314.4 4857.72
1394 -3128.25 5518.37 2773.29
1395 5874.84 -2301.66 2844.88
1396 2402.4 3414.42 5515.65
1397 2164.78 3601.59 5494.85
1398 -5804.13 181.305 -3783.74
1399 -4760.44 -1379.98 -4845.09
1400 -2776.01 5530.57 3101.94
1401 5242.02 -75.7149 4514.8
1402 -3724.7 4961.73 3070.86
1403 2430.87 3385.38 5520.84
1404 2691.93 3211.73 5503.45
1405 -5590.4 901.145 -3996.62
1406 4201.74 -4287.52 3443.32
1407 -3104.35 -3825 -4874.97
1408 -2470.94 -3957.32 -5125.02
1409 -5636.69 1037.09 -3897.16
1410 2296.26 3494.97 5510.3
1411 -5646.56 1058.3 -3877.23
1412 2800.93 3489.48 5276.32
1413 -2996.66 -3695.95 -5039.23
1414 2819 3980.53 4907.04
1415 2545.97 3309.84 5514.78
1416 -5658.87 -89.9151 -4000.9
1417 2456.73 3368.72 5519.58
1418 2601.33 3273.65 5510.58
1419 2337.06 3445.35 5524.14
1420 -5600.18 921.361 -3977.8
1421 -5678.37 1166.73 -3798.56
1422 5874.16 -2284.06 2860.38
1423 -5197.37 -827.954 -4510.22
1424 -4866.26 -1255.37 -4773.4
1425 15.2694 5817.14 3750.11
1426 6301.2 -2083.65 1969.26
1427 -4673.96 -1480.87 -4899.19
1428 -4275.93 -1906 -5111.39
1429 -5779.57 139.168 -3822.4
1430 2143.15 3933.58 5272.07
1431 -5552.95 791.167 -4070.99
1432 -2147.16 -3894.4 -5316.01
1433 241.794 5621.52 4029.82
1434 5927.5 -304.252 3558.56
1435 -2032.6 -4006.08 -5277.8
1436 -2269 -3769.25 -5355.49
1437 442.606 5229.26 4510.41
1438 -2159.19 -3752.29 -5412.36
1439 -1779.45 -4084.49 -5309.11
1440 -991.496 5667.68 3846.71
1441 100.034 5203.26 4560.53
1442 -12.7084 5259.81 4496.58
1443 234.926 5129.83 4637.67
1444 124.281 5188.15 4576.7
1445 -867.641 -4760.77 -4961.04
1446 373.092 5051.79 4713.52
1447 258.532 5114.89 4653.07
1448 510.165 4971.06 4785.93
1449 395.084 5036.89 4727.7
1450 -1642.85 -4197.15 -5264.89
1451 -1534.4 -4282.77 -5228.87
1452 -1774.04 -4089.12 -5307.14
1453 -1666.84 -4176.29 -5273.87
1454 -1902.73 -3980.39 -5345.43
1455 -2135.52 -3774.98 -5406.07
1456 -2026.59 -3871.77 -5379.55
1457 -280.07 5390.78 4329.72
1458 -2097.46 -4118.78 -5164.16
1459 8.24515 5754.16 3845.98
1460 -94.3081 5807.06 3764.51
1461 129.954 5685.94 3943.7
1462 4862.33 -1234.44 4764.23
1463 -1857.7 -4345.81 -5068.93
1464 -2605.61 -3536.25 -5361.36
1465 254.626 5612.57 4040.85
1466 -4803.44 4179.99 -2733.97
1467 707.182 5320.21 4368.1
1468 927.939 5159.1 4517.04
1469 -1733.11 -4491.09 -4985.97
1470 69.1561 5713.5 3905.05
1471 -1426.96 -4769.42 -4821.56
1472 1171.67 4965.92 4674.12
1473 -1656.65 -4560.37 -4948.65
1474 -1757.71 -4463.92 -5001.57
1475 4860.35 -1228.08 4767.93
1476 4836.48 -1102.73 4822.3
1477 4890.08 -1384.56 4694.31
1478 3293.27 -4268.46 4337.44
1479 -2259.24 -6363.17 -1547.82
1480 -2485.8 4799.83 -4337.95
1481 1473.6 6183.97 2740.65
1482 2630.54 -4575.63 4474.09
1483 2959.85 -4459.06 4385.18
1484 -2398.65 4563.57 -4632.04
1485 -710.844 6197.39 -3018.4
1486 -2652.86 4546.11 -4509.08
1487 3744.09 -3046.13 4956.35
1488 -3437.84 -4445.24 -4055.29
1489 -3683.14 -3806.73 -4469.3
1490 3236.3 -4360.99 4287.96
1491 324.097 6805.04 1243.34
1492 4005.48 -2645.56 4981.59
1493 4164.8 -2735.27 4799.86
1494 257.395 -6807.71 -1254.75
1495 4244.64 5479.18 -345.171
1496 4209.21 5486.14 -587.595
1497 4216.61 5486.85 -522.453
1498 2390.93 -3455.54 5530.71
1499 -6480.29 -2066.92 1437.02
1500 -1114.96 -2631.59 6330.21
1501 150.419 -2402.13 6514.6
1502 2366.46 -3448.81 5545.78
1503 6827.96 -1071.5 739.844
1504 5053.01 -2149.53 4256.69
1505 4540.61 -868.273 5184.66
1506 5151.44 -3729.09 2803.18
1507 2166.61 -3392.32 5660.91
1508 -6254.98 -2244.84 2040.24
1509 -4194.15 3769.17 -4071.3
1510 3211.74 -2446.21 5651.93
1511 -6094.61 -2339.88 2386.86
1512 -4816.48 388.063 4991.95
1513 -6791.63 1149.94 -953.194
1514 2064.82 -3361.9 5716.68
1515 6690.06 -1284.54 1381.4
1516 4410.74 -934.123 5284.78
1517 5291.76 -424.586 4481.77
1518 195.775 -2705.36 6393.55
1519 6060.64 -3332.06 700.661
1520 2087.19 -3373.64 5701.97
1521 -5521.21 -863.057 4131.07
1522 2307.17 -3438.29 5583.28
1523 2218.07 -3407.32 5632
1524 -5813.29 -688.767 3747.11
1525 -4684.36 -1272.19 4970.5
1526 6355.48 468.693 2771.16
1527 -757.658 -2577.67 6404.47
1528 -1904.23 1945.69 -6399.75
1529 -6047.11 -2369.85 2476.57
1530 3233.02 -2449.03 5639.3
1531 6412.97 -1555.87 2181.27
1532 -2581.54 -2791.77 5813.23
1533 -5386.89 -940.598 4287.09
1534 -5931.05 -2411.68 2706.73
1535 6403.91 235.386 -2699.64
1536 6678.29 -1305.73 1417.18
1537 6270.99 367.552 2971.07
1538 -6169.71 -2293.04 2235.23
1539 -6898.51 860.169 -127.286
1540 6757.03 -1199.5 1106.31
1541 1000.37 -2468.13 6416.13
1542 -1554.66 -2168.52 6412.46
1543 2134.95 -3387.9 5675.76
1544 -4214.7 -128.894 5520.29
1545 6347.95 459.493 2790.15
1546 -4855.19 422.968 4951.92
1547 6381.94 -1577.98 2255.09
1548 -6576.8 -1964.21 1103.41
1549 4502.26 5039.69 -1484.41
1550 1318.13 -4738.43 -4873.24
1551 -1773.76 -6232.07 -2437.03
1552 5447.12 3778.45 -1984.2
1553 96.1007 -5583.17 -4092.88
1554 4031.95 5530.76 993.471
1555 5053.08 3429.84 -3256.62
1556 2471.8 5820.17 2795.47
1557 3190.26 6091.11 751.05
1558 607.245 5405.05 4264.48
1559 987.777 6045.23 3204.82
1560 -1949.3 4152.45 5168.1
1561 -1109.24 4894.01 4751.76
1562 -5090.03 -2621.47 3875.81
1563 -215.35 5504.41 4174.61
1564 -3958.65 -5658.9 427.664
1565 -3183.76 2684.18 5514.09
1566 -4099.85 -5532.01 680.187
1567 -4912.72 -4105.24 2616.26
1568 -1299.35 -6141 -2919.78
1569 3006.32 -2943.09 -5498.97
1570 459.489 -5364.76 -4352.28
1571 148.259 5702.23 3904.35
1572 634.286 5415.72 4246.92
1573 -25.6987 4736.3 5032.04
1574 2168.58 -3939.68 -5264.61
1575 -2635.82 -5360.6 -3499.68
1576 2042.34 5299.71 3939.55
1577 3888.81 5218.33 2335.64
1578 -663.979 4447.94 5246.54
1579 -5660.83 -3954.38 446.396
1580 -1943.45 3700.91 5502.21
1581 -5660.48 -683.607 3910.53
1582 -3779.11 2155.75 5369.26
1583 -1145.78 -5137.28 -4498.06
1584 -5352.89 -1.4499 4374.58
1585 2495.36 5823.7 2767.91
1586 -5205.34 -4528.23 -538.058
1587 -5444.33 -1580.19 3957.54
1588 860.905 5499.55 4097.13
1589 -5275.89 -944.093 4366.11
1590 639.776 5419.62 4241.28
1591 -5233.84 -4344.63 1262.99
1592 471.263 -4896.51 -4872.61
1593 -4423.87 -5307.02 -400.965
1594 -4260.91 -5413.05 -660.234
1595 -1458.72 -5685.82 -3671.29
1596 -1671.45 -5731.56 -3505.3
1597 109.754 -5093.83 -4688.15
1598 971.254 -4591.02 -5091.02
1599 3852.69 -1828.75 -5453.97
1600 5528.42 2035.56 -3633.4
1601 4000.44 2457.92 5070.33
1602 -5708.64 -765.067 -3841.8
1603 2290.58 3641.54 5407.54
1604 4350.55 2634.08 4679.4
1605 5887.76 1303.35 3379.93
1606 5951.72 1225.54 3296.56
1607 5916.92 -2905.22 -2106.3
1608 6359.9 -2389.78 -1309.23
1609 -5404.36 -1827.74 -3922.56
1610 4406.7 -3818.08 -3729.95
1611 -6498.14 2343.79 -393.437
1612 4956.58 -3573.55 -3250.87
1613 -6157.37 3080.83 686.379
1614 -6571.45 1986.3 -876.604
1615 -4978.43 4083.92 2524.64
1616 -1867.27 -3791.55 -5483.93
1617 1260.16 3952.12 5526.46
1618 6299.69 -284.248 2834.39
1619 6027.48 257.052 3374.96
1620 5646.47 840.27 3897.43
1621 3521.19 -4551.6 -3846.65
1622 4825.01 -4158.04 -2706.61
1623 6248.05 -2935.36 -454.976
1624 6074.23 171.977 3296.02
1625 -1562.32 -3842.39 -5543.87
1626 5779.68 -3525.76 -1427.98
1627 -1397.58 -3908.23 -5541.61
1628 3183.78 -4601.03 -4075.12
1629 -4481.99 4784.16 2205.87
1630 -404.156 -4245.09 -5454.36
1631 -6253.28 2064.19 -2136.13
1632 -5624.09 -880.12 -3940.35
1633 -1316.63 4946.23 4645.23
1634 5958.87 -722.966 3429.11
1635 5850.88 -464.773 3651.36
1636 -3995.22 4942.35 2728.28
1637 6018.62 -3374.61 483.259
1638 -4554.49 4744.52 2142.78
1639 4746.03 -4668.9 -1886.53
1640 4640.03 1421.13 4920.16
1641 1821.88 -5034.92 -4386.74
1642 -3352.06 -2689.04 -5428.86
1643 -1546.55 -3898.21 -5508.81
1644 5389.88 -4236.4 -934.197
1645 5143.26 787.389 4548.66
1646 -1269.02 -4043.71 -5474.62
1647 6054.73 -987.947 3187.47
1648 -6052.97 985.535 -3212.08
1649 -4221.75 -160.418 5468.27
1650 892.618 6811.51 -823.573
1651 -3687.03 2890.07 5080.01
1652 -3451.43 3576.46 4801.62
1653 -3009.19 4531.4 4264.03
1654 -1349.54 6431.37 2151.64
1655 -4011.46 4987.68 2065.71
1656 -4098.14 849.195 5498.38
1657 -4142.33 -25.5067 5530.6
1658 2684.41 6131.73 -1754.94
1659 -2913.73 -5122.38 3615.82
1660 2140.19 6512.36 -937.305
1661 -3453.75 -5163.4 3038.73
1662 -1041.45 6092.16 3097.65
1663 3938.91 4064.18 -3985.12
1664 -3487.2 2695.57 5322
1665 -3792.89 -5448.5 1941.07
1666 -3928.79 -4074.74 3969.62
1667 451.95 6769.84 1340.64
1668 -4264.31 -2383.95 4889.26
1669 -2171.42 4992.4 4258.07
1670 -4020.19 -3749.64 4191.45
1671 -4054.1 837.32 5532.75
1672 -3221.41 -5523.71 2634.69
1673 -3102.97 -5678.93 2441.13
1674 2718.81 -4234.18 -4755.88
1675 1413.41 -5804.9 -3497.71
1676 -152.057 -6704.74 -1713.12
1677 -4141.07 -617.427 5497.28
1678 4647.86 2125.68 -4669.09
1679 -4281.13 -4515.01 3017.85
1680 4232.85 182.518 -5475.76
1681 739.115 6456.41 2362.41
1682 3060.52 4891.03 -3823.75
1683 -575.317 5829.71 3669.76
1684 2854.7 6292.62 -334.463
1685 551.677 6398.74 2561.42
1686 2263.51 6516.81 508.26
1687 -4479.72 -618.459 5226.04
1688 -3604.58 2083.43 5514.68
1689 -3296.5 -5993.87 1034.2
1690 2471.94 -3996.73 -5084.67
1691 878.497 6496.9 2198.05
1692 -1695.1 -6593.25 -1249.79
1693 2801.31 -3531.73 -5255.42
1694 -4523.54 -875.718 5151.28
1695 -2782.72 -6330.93 238.581
1696 -3232.34 -5334.57 -3003.48
1697 -628.612 -6431.11 -2483.59
1698 191.349 -6073.23 -3318.61
1699 1810.38 -4051.71 -5313.66
1700 2947.51 -4195.71 -4650.53
1701 -625.536 4269.3 5397.76
1702 -2913.42 4199.33 4653.6
1703 -5881.95 -1322.64 -3403.26
1704 -6787.6 528.104 -1246.36
1705 -5929.91 2888.49 2082.78
1706 -4036.15 3937.97 4000.17
1707 -5744.93 3048.23 2355.57
1708 6412.22 540.74 2529.15
1709 -1622.19 -3865.32 -5510.15
1710 6809.73 -895.768 -832.279
1711 5308.01 -2798.33 -3449.14
1712 -1379.73 4093.99 5393.76
1713 5102.84 -2932.46 -3642.84
1714 3304.42 3551.62 4921.98
1715 6912.09 -273.515 2.7862
1716 -1331.61 -4040.44 -5462.45
1717 -5141.74 -2660.6 -3796.81
1718 -5602.77 -2307.47 -3348.9
1719 4879.98 -3065.56 -3833.95
1720 -6629.91 -1013.99 -1711.51
1721 -2932.91 -3689.83 -5071.73
1722 -582.739 -4119.91 -5533.98
1723 1030.73 4068.73 5489.32
1724 -2931.88 -3689.07 -5072.92
1725 3814.79 3354.32 4685.98
1726 -3361.62 -3932.73 -4601.22
1727 2923.7 -3836.51 -4965.47
1728 1142.36 -4015.07 -5523.71
1729 -4585.83 -3004.33 -4227.78
1730 -4400.96 -3593.31 -3956.74
1731 4779.32 3404.99 3653.47
1732 -4153.34 -3689.45 -4131.77
1733 -3808.9 -3366.36 -4700.82
1734 -6716.06 -1485.7 -765.098
1735 -4896.02 -3365.31 -3554.6
1736 -3740.62 -3833.49 -4387.35
1737 -5378.59 -3076.95 -3087.45
1738 -5018.21 -3301.59 -3442.02
1739 3822.67 3789.63 4335.12
1740 -4390.84 -3606.22 -3956.17
1741 -2284.45 -4134.63 -5062.16
1742 -3323.46 -3939.85 -4622.86
1743 -3178.11 -3980.74 -4689.06
1744 -1062.05 -4213.62 -5390.29
1745 -6240.12 -2296.96 -1923.98
1746 -6098.15 3183.1 -761.661
1747 2997.05 -3496.91 -5168.73
1748 -418.697 -5627.06 3994.44
1749 -1280.9 6352.54 -2429.62
1750 -3425.22 -2358.91 5518.33
1751 -2981.02 -2896.59 5520.06
1752 -428.152 6082.85 -3274.03
1753 4881.55 -2567.65 -4184.84
1754 -4623.15 4319.4 2788.29
1755 3082.33 -6191.59 195.747
1756 -4751.77 1217.21 4868.14
1757 -2318.12 -3935.23 5186.52
1758 -3606.21 5869.89 621.165
1759 1599.4 -6400.26 2078.46
1760 -2603.88 6350.9 -871.306
1761 4664.09 -4212.25 -2902.81
1762 -1337.88 -4936.94 4648.97
1763 4540.44 -244.472 -5221.61
1764 2326.62 3936.35 -5198.28
1765 -1578.77 -4714.76 4801.22
1766 4884.23 -2575.21 -4176.61
1767 3050.24 2973.69 -5457.71
1768 -5337.04 3143.84 3071.18
1769 -4957.76 558.05 4782.03
1770 -4901.09 398.392 4855.69
1771 -3068.75 -2790.9 5526.41
1772 5204.49 -3962.44 -2263.98
1773 -4103.36 -1303.19 5404.67
1774 -943.348 -4777.66 4904.33
1775 4952.79 -4604.93 -1474.35
1776 4587.34 -5140.37 -651.497
1777 5336.53 -3231.95 -3000.1
1778 -4829.69 1783.89 4610.29
1779 4953.16 -523.633 -4809.1
1780 4862 -268.605 -4922.09
1781 -1718.68 5966.68 -3057.47
1782 2263.55 3686.42 -5405.72
1783 -4573.04 5151.37 628.726
1784 110.842 5302.75 -4448.69
1785 -5219.18 1542.86 4260.42
1786 -4456.85 -9.97082 5280.94
1787 -2073.58 -3659.3 5482.51
1788 -2954.21 5998.58 -1782.21
1789 -472.668 -4685.41 5057.94
1790 -96.3772 5408.37 -4319.92
1791 -703.226 -4562.93 5142.43
1792 -1490.33 -4079.8 5374.71
1793 3374.77 -5526.96 2427.66
1794 -4685.09 -149.264 5077.75
1795 5707.77 -1563.4 -3592.34
1796 2136.29 -5533.76 3552.26
1797 -4247.28 -103.588 5449.46
1798 -2531.02 6407.92 616.544
1799 -4356.46 3361.95 4181.94
1800 260.171 -6511.68 2316.68
1801 -4369.33 600.396 5319.5
1802 -4274.02 30.5358 5429.39
1803 4165.02 -4197.61 -3600.37
1804 373.304 -6551.63 2185.15
1805 -4460.1 1603.3 5028.85
1806 3647.53 2048.63 -5516.43
1807 1043.07 -6696.08 1391.81
1808 1443.98 -4597.54 4954.11
1809 6588.79 -1806.1 -1106.24
1810 2392.74 -4641.35 4528.94
1811 6541.21 -2165.64 -642.466
1812 3156.92 3039.61 -5360.47
1813 4737.2 1854.31 -4696.59
1814 -1164.83 4574.63 -5064.05
1815 4325.68 -4348.18 3193.14
1816 -5327.67 3886 -2099.11
1817 -4432.8 -3859.53 3254.84
1818 -6371.65 2692.65 -96.7097
1819 -867.158 4530.71 -5162.62
1820 1702.62 -5011.44 4446.23
1821 -6438.32 2525.98 147.387
1822 6239.44 -2535.45 -1596.28
1823 363.505 -4702.19 5052.01
1824 5298.07 562.675 -4421.35
1825 5711.6 -3892.83 314.703
1826 3509.45 2555.43 -5393.8
1827 6115.83 -1202.61 -3012.52
1828 -755.67 4823.09 -4908.59
1829 6210.98 -2756.7 -1313.43
1830 -4566.63 4754.21 -2106.77
1831 605.816 4353.04 -5349.45
1832 -6183.58 1533.79 2685.81
1833 -3191.15 5077.57 -3456.27
1834 -4038.64 4931.83 -2695.19
1835 -4365.45 4832.61 -2342.82
1836 -1919.43 -3678.02 5526
1837 -554.68 5151.5 -4590.98
1838 1822.41 -5029.36 4378.21
1839 -5294.74 -552.534 4407.89
1840 5289.58 -298.64 -4457.39
1841 -1403.35 -3965.31 5482.36
1842 1387.92 4156.95 -5359.77
1843 3667.11 2419.46 -5351.31
1844 -5824.29 2593.6 2674.91
1845 -4654.15 5055.54 -808.412
1846 -3639.62 5478.97 -2151.21
1847 -1007.78 5299.73 -4337.58
1848 -1223.41 -4255.4 5305.84
1849 -4767.53 4972.97 -637.493
1850 5463.55 -734.64 -4188.53
1851 5270.79 -261.594 -4481.91
1852 1971.55 3747.44 -5477.63
1853 1831.05 3851.35 -5454.32
1854 2929.98 -4197.46 4644.78
1855 3935.68 -3971.33 4065.88
1856 3440.18 -4100.86 4374.01
1857 6630.25 -1891.2 578.435
1858 6814.13 -1089.4 -516.873
1859 6667.4 -1795.7 442.332
1860 2569.44 3545.99 -5363.11
1861 6306.8 -2462.01 1420.91
1862 704.744 4090.19 -5541.94
1863 4896.13 2257.61 -4343.59
1864 6150.39 -3090.93 698.175
1865 -2917.03 4206.17 -4660.84
1866 -3519.3 4088.01 -4339.32
1867 -2215.97 4285.19 -4965.37
1868 6636.33 1000.29 -1693.19
1869 -1924.35 4302.03 -5071.43
1870 5831.91 2082.37 -3093.63
1871 -5599.93 3170.11 -2547.61
1872 -1066.07 4128.14 -5455.22
1873 6371.58 1451.44 -2283.56
1874 -3178.86 3766.48 -4861.84
1875 1329.3 4038.23 -5464.75
1876 -6906.91 -10.0109 384.999
1877 -2086.63 4010.38 -5243.41
1878 -6326.37 -1506.84 2350.72
1879 -5760.8 2445.82 -2955.54
1880 -1324.71 -4030.73 5454
1881 -3567.58 -3455.03 4805.89
1882 4235.16 -3383.07 4289.72
1883 -6379.74 -1429.17 2252.18
1884 6725.71 -1138.05 1153.43
1885 1076.74 -4119.02 5442.94
1886 6633.06 -1340.84 1435.75
1887 -1057.29 -4065.7 5486.18
1888 -6628.82 1352.71 -1453.95
1889 5920.1 -2291.51 2743.09
1890 1602.83 -4613.29 4890.25
1891 1730.31 -4622.94 4837.89
1892 -4227.51 -2712.76 4746.79
1893 -6677.32 81.0499 1796.33
1894 -1587.56 -3867.18 5501.82
1895 -6648.22 -9.27379 1904.38
1896 -1686.04 4626.32 -4866.51
1897 -1704.81 -3832.95 5490.87
1898 -6182.88 36.7832 3093.74
1899 3667.07 -4521.21 3729.9
1900 -5907.78 -457.896 3561.12
1901 -5298.99 -1265.99 4254.07
1902 -1102.94 -4010.05 5518.23
1903 -3552.41 -3610.03 4407.62
1904 -4939.78 1346.07 -4659.84
1905 2837.23 4879.35 -4008.74
1906 -3448.52 2714.27 -5354.8
1907 -6027.22 -3385.42 265.462
1908 -6304.13 -1070.01 -2649.05
1909 -5934.45 -3522.28 480.54
1910 -4898.68 -4383.45 2147.29
1911 2885.09 4431.75 -4468.88
1912 592.345 4375.92 -5332.51
1913 -6578.45 -444.789 -2102.18
1914 464.785 4357.76 -5360.32
1915 -6265.86 -2763.2 974.208
1916 -5486.69 1382.81 -3988.17
1917 -2435.7 -4457.08 4686.61
1918 -6637.25 -1939.4 -222.162
1919 -156.023 -4297.54 5408.87
1920 -4435.5 -4077.09 3390.87
1921 5221.85 -1647.65 4219.54
1922 -22.8021 -4272.53 5430.65
1923 6353 -116.609 2729.13
1924 3081.33 -3182.07 5304.01
1925 6585.02 2124.71 -29.7582
1926 6685.29 1691.08 560.012
1927 2050.29 4476.33 -4867.6
1928 6612.31 2037.28 90.1484
1929 -2350.96 3718.79 -5345.9
1930 3620.73 4315.28 -4024.79
1931 -6351.86 1058.94 -2536.54
1932 -2050 -4468.56 4856.89
1933 -6876.68 -482.753 -591.588
1934 -4748.68 2612.01 -4306.83
1935 -6661.09 -1610.35 937.527
1936 -6771.6 156.29 -1416.48
1937 -1487.06 -4192.91 5287.76
1938 -6174.87 -2364.25 2026.48
1939 444.579 -4116.64 5532.06
1940 -3698.53 -3827.88 4409.21
1941 5719.04 -1819.89 3433.75
1942 2770.03 -3572.33 5227.16
1943 6838.45 140.012 1037.06
1944 715.822 -4079.06 5531.34
1945 6517.12 1899.21 -1349.49
1946 6838.35 1046.27 -162.009
1947 4756.48 3423.82 -3685.26
1948 6490.24 -815.266 2246.73
1949 5564.01 2934.82 -2888.76
1950 3841.58 3792.73 -4334.51
1951 2662.76 -3172.11 5531.31
1952 519.255 4950.34 -4812.34
1953 1655.31 -3890.43 5465.72
1954 2166.51 5322.52 -3861.03
1955 784.378 5036.47 -4685.52
1956 1760.97 -3822.49 5480.4
1957 2220.27 5331.34 -3818.1
1958 1505.45 -3984.3 5441.23
1959 2226.78 5333.66 -3811.07
1960 1055.41 5115.27 -4544.8
1961 -4532.54 -4983.42 1567.9
1962 -3621.17 -3254.46 4706.82
1963 -4707.4 -4891.33 1324.51
1964 1971.58 5303.21 -3990
1965 -5034.66 -4671.89 820.305
1966 2124.48 5323.08 -3882.87
1967 2426.81 -3354.64 5531.82
1968 -4637.76 -4929.94 1421.46
1969 2545.46 -3264.4 5532.95
1970 2407.15 -3369.56 5531.58
1971 5046.27 305.416 4713.64
1972 2318.15 -3448.07 5521.1
1973 4109.25 5497.19 -887.019
1974 1413 -4275.51 5241.73
1975 2795.61 5826.59 -2479.28
1976 5540.27 3288.95 2514.33
1977 -477.028 4893.26 -4875.09
1978 5561.36 3062.28 2741.5
1979 -4122.7 -5486.89 863.08
1980 4501.58 5248.39 -270.519
1981 -4445.45 -5287.92 358.275
1982 -5575.94 -2609.65 -3163.23
1983 -1347.9 -5649.52 3748.57
1984 -5473.32 -3674.58 -2104.96
1985 5939.29 128.886 3536.51
1986 -4717.32 -5059.34 -114.818
1987 3175.6 4856.42 -3776.17
1988 591.451 -4818.72 4918.4
1989 2689.43 4881.73 -4106.65
1990 6153.75 3162.23 77.2128
1991 529.808 4615.69 -5133.52
1992 5395.58 4075.83 -1474.15
1993 -4123.09 -4682.39 2980.21
1994 -1532.39 3870.37 -5532.56
1995 -575.235 -4618.47 5108.25
1996 -961.932 -4704.41 4970.12
1997 433.807 -4316.83 5378.45
1998 2206.69 -3511.63 5526.9
1999 3962.9 -2786.64 4641.14
2000 4096.69 595.514 5532.67
2001 1739.69 5798.86 3340.23
2002 3365.14 3310.42 5048.47
2003 3136.64 3813.12 4836.71
2004 236.696 6743.48 1523.36
2005 -231.924 6853.28 917.659
2006 -2739.02 5807.68 -2586.32
2007 -1067.77 -6753.48 -1059.62
2008 -2672.34 5881.27 -2486.94
2009 -4182.6 1782.12 -5221.89
2010 -3677.15 -2482.8 -5314.87
2011 -2938.27 4675.26 -4176.54
2012 -636.339 -6872.46 -481.076
2013 2299.21 -5580.36 3370.99
2014 -2539.82 -4853.83 -4231.76
2015 2864.85 -4785.95 4082.42
2016 2940.86 -4653.39 4180
2017 1913.08 -5989.03 2876.2
2018 2982.19 5012.34 3712.7
2019 4135.82 771.277 5481.67
2020 1231.29 6685.26 1283.77
2021 3384.55 4233.54 4290.55
2022 -3138.62 4301.66 -4424.9
2023 3445.75 4085.8 4383.82
2024 -3805.62 2497.49 -5217.07
2025 -1268.51 6489.87 -2046.03
2026 -3986.24 -2227.25 -5203.92
2027 -3772.59 2620.52 -5180.63
2028 -744.762 -6808.31 966.153
2029 -4145.35 140.122 -5543.8
2030 2159.45 -5009.12 4245.28
2031 -2995.86 -5001.19 -3731.51
2032 3477.92 -2719.14 5316.02
2033 1302.85 -5888.97 3379.11
2034 4175.91 3062.51 4578.42
2035 3810.15 4410.83 3718.43
2036 3460.81 5148.58 3054.51
2037 3564.28 4962.04 3238.89
2038 -1504.22 5721.14 -3596.63
2039 816.085 6816.13 -877.842
2040 -3912.47 1454.02 -5523.92
2041 -1317.86 5885.93 -3397.91
2042 -4243.92 -2644.13 -4787.78
2043 -2639.57 4357.51 -4688.4
2044 -1506.86 -6546.22 -1660.74
2045 -3726.83 -4631.49 -3545.7
2046 2075.11 -6421.13 -1530.08
2047 -2982.67 -3073.88 -5439.56
2048 -1763.31 -4547.94 -4912.27
2049 2718.98 -6322.52 -708.458
2050 2529.29 -6367.79 -963.549
2051 -2286.07 -3980.54 -5182.47
2052 4829.08 -1773.58 4614.83
2053 1227.87 5031.68 4577.79
2054 4674.67 -820.25 5022.95
2055 304.115 5700.23 3899.63
2056 4100.42 996.108 5471.61
2057 526.467 5558.47 4076.65
2058 2683.19 3929.28 5012.7
2059 -2464.69 6379.42 1044.73
2060 2045.88 4242.88 5057.67
2061 -3077.15 6194.23 208.316
2062 -1795.11 6416.49 1859.08
2063 -4479.09 4714.56 -2372.15
2064 -2370.3 6393.99 1166.22
2065 1089.86 5138.09 4493.6
2066 -3880.59 5624.27 -1100.22
2067 -2356.8 -4407.09 -4790.32
2068 -4783.19 1356.15 -4818.68
2069 923.252 -6683.05 -1537.34
2070 -4319.79 -450.562 -5392.11
2071 3519.49 -5512.93 2244.18
2072 -1850.62 -4460.21 -4960.67
2073 4150.5 -4219.85 3571.19
2074 -39.7842 -6395.08 -2646.47
2075 3191 3065.54 5308.21
2076 2842.46 -6208.55 1099.96
2077 1554.54 5315.78 4137.26
2078 4445.28 -1328.1 5121.47
2079 901.66 5874.03 3534.15
2080 4021.96 1002.73 5528.68
2081 -4125.56 4318.09 -3501.61
2082 2421.99 4307.52 4832.36
2083 -3907.64 4863.93 -2999.56
2084 -2623.29 6358.88 -759.265
2085 -4029.04 -1006.67 -5539.67
2086 -1505.28 6704.84 805.828
2087 -691.897 -6561.59 -2087.13
2088 -4278.05 10.3852 -5444.08
2089 -1678.31 -5862.65 -3273.37
2090 -2765.09 -3816.87 -5070.83
2091 1891.74 -6515.48 1342.9
2092 -2676.27 -3953.38 -5013.61
2093 2040.48 -6423.27 1551.8
2094 2657.94 -5886.66 2468.37
2095 4119.22 422.246 5531.7
2096 4131.1 -2219.75 5075.46
2097 -4202.65 480.583 -5481.4
2098 -4194.04 310.325 -5500.35
2099 5965.52 1713.34 -3062.48
2100 272.979 -4640.38 -5131.39
2101 3682.73 -2266.44 -5406.72
2102 5914.44 3350.19 -1290.1
2103 5153.22 4571.06 622.12
2104 2438.07 5338.17 3652.87
2105 5474.07 228.966 -4229.92
2106 550.191 4953.88 4787.25
2107 1839.02 5273.99 4071.43
2108 1548.93 -3862.38 -5533.44
2109 2687.17 5348.23 3458.22
2110 5993.94 226.787 -3453.33
2111 -2542.53 -5351.87 -3581.46
2112 6416.59 2151.37 -1440.06
2113 1422.5 -3921.84 -5525.57
2114 6365.97 2536.89 -952.292
2115 -422.032 -4589.06 -5167.4
2116 5170.9 4228.55 1788.72
2117 -166.485 -4519.8 -5242.53
2118 3557.39 4803.66 3472.04
2119 -5900.42 23.9109 3445.13
2120 -5117.28 1124.29 4509.58
2121 3802.58 4760.23 3266.42
2122 -5561.33 520.557 4074.6
2123 -3113.5 2945.9 5420.45
2124 -5977.55 -3465.57 -391.819
2125 -3335.87 2787.16 5372.33
2126 -4529.76 -4556.87 -2577.24
2127 -5702.13 299.251 3898.93
2128 270.347 -4219.37 -5482.81
2129 -6395 -2362.52 1179.13
2130 -6228.26 -2828.03 -1057.9
2131 -5810.86 -3684.24 -748.709
2132 -3692.3 -4303.9 -3972.48
2133 137.69 -4247.87 -5465.68
2134 -3053.18 -4415.17 -4373.08
2135 -5000.02 -3844.72 -2854.42
2136 -4847.13 -3923.66 -3006.56
2137 6546.81 347.581 -2215.34
2138 -3322.85 -4376.74 -4211.84
2139 -4630.37 -4017.77 -3217.21
2140 -135.076 4239.8 5454.65
2141 -6401.82 16.3095 2616.85
2142 -4074.79 2586.45 4947.64
2143 -2420.89 3502.19 5443.09
2144 -6299.46 225.843 2845.07
2145 3700.29 4293.49 3956.33
2146 -5738.69 -3350.43 -1938.73
2147 -6696.47 -1602.59 677.592
2148 -3892.23 -3778.16 -4303.04
2149 -6526.26 -2288.26 -260.773
2150 -2975.02 -4419.88 -4422
2151 -5154.59 2313.64 3984.81
2152 -3680.49 -4733.77 -3457.28
2153 -856.231 6229.89 -2894.11
2154 -1106.82 -6810.13 495.641
2155 -3303.42 -5412.37 -2774.11
2156 839.351 -6232.41 2873.37
2157 2472.08 -4590.36 4537.05
2158 1550.07 -5670.33 3638
2159 3232.85 -3275.47 5154.72
2160 3574.85 5725.24 1514.38
2161 2178.74 6538.51 -624.608
2162 4354.46 5246.67 1171.2
2163 3015.35 6199.56 586.313
2164 1733.9 6222.29 -2488.66
2165 3089.22 6150.94 700.289
2166 996.408 6056.25 -3202.31
2167 -2299.55 4219 -4984.92
2168 -1666.33 4932.17 -4563.95
2169 -4614.93 -3062.2 -4152.33
2170 -2638.76 3768.47 -5174.31
2171 -3166.84 -6096.83 -821.731
2172 -4455.31 -450.741 -5280.15
2173 -1814.06 -6583.44 1098.59
2174 -4635.36 -2790.91 -4317.93
2175 -876.557 5081.92 -4619.57
2176 -4240.73 -4643.56 -2891
2177 -2536.46 3532.1 -5387.98
2178 560.844 5899.18 -3580.03
2179 1932.75 -4638.41 4744.92
2180 -4952.22 -3976.33 -2750.83
2181 1161.94 -5388.34 4170.21
2182 -3249.95 -6032.44 -962.52
2183 -4272.06 788.345 -5390.93
2184 -5066.37 -2086.97 -4230.47
2185 3107.66 -3027.01 5378.48
2186 -4575.51 -4922.04 -1651.14
2187 4547.57 1029.94 5101.13
2188 -4966.27 -1390.51 -4618.22
2189 4540.91 3558.44 3810.34
2190 3594.18 -2105.96 5513.13
2191 -1340.52 4725.54 -4879.45
2192 -4630.21 -4820.89 -1790.71
2193 4408.31 -452.039 5303.02
2194 -4.89195 -5626.48 4015.18
2195 4702.07 4673.51 1973.93
2196 -802.683 -5985.45 3365.22
2197 -5132.51 -4140.15 -2099.71
2198 3888.8 -1546.41 5498.93
2199 -223.792 5033.14 -4748.89
2200 4943.19 3991.34 2732.38
2201 -2766.18 3110.27 -5532.73
2202 4470.05 5086.66 1414.6
2203 -3993.48 1631.05 -5415.3
2204 -4881.96 91.8567 -4907.55
2205 4986.3 -4788.63 -248.855
2206 2721.9 -5576.8 -3064.65
2207 650.578 -5183.26 -4541.98
2208 4859.77 -4901.21 -474.815
2209 4924.61 -4845.46 -364.531
2210 5207.21 -143.223 4542.04
2211 5761.03 -3322.94 1894.13
2212 1837.66 3836.39 5445.94
2213 -2256.45 -3489.67 -5537.72
2214 -2737.29 5572.93 3045.05
2215 4961.23 341.388 4798.58
2216 2609.99 -5332.67 -3557.58
2217 2308.17 3473.25 5510.02
2218 -5349.16 4362.5 -501.603
2219 2132.72 -5300.26 -3907.33
2220 -5688.8 1470.84 -3661.15
2221 -4331.79 5239.95 1280.29
2222 -5652.64 1333.01 -3769
2223 -5406 4273.14 -641.178
2224 -1603.6 -4012.57 -5409.15
2225 -5827.72 2468.01 -2805.55
2226 -1923.55 -3719.35 -5513.61
2227 -5831.63 2596.02 -2678.08
2228 5744.93 -862.357 3741.62
2229 31.0217 -4937.21 -4852.8
2230 -1275.32 -4545.84 -5063.16
2231 -858.706 -4845.35 -4869.56
2232 -1851.11 -4070.56 -5285.35
2233 5196.98 316.131 4544.88
2234 3603.11 -5829.37 -952.14
2235 6002.88 -1864.35 2879.37
2236 5789.26 -974.164 3649.81
2237 2034.06 -6011.35 -2761.34
2238 -5340.64 4386.26 338.954
2239 3139.5 -5966.19 -1558.04
2240 5199.68 -1442.44 4318.94
2241 5243.52 -3778.22 2457.52
2242 3529.65 2189.51 5522.28
2243 5287.82 -1938.79 4007.25
2244 927.336 4790.98 4894.79
2245 -2251.83 6025.81 2540.6
2246 -5201.09 -325.189 -4558.29
2247 -6052.97 2487.27 -2256.81
2248 -3080.36 -2838.63 -5512.81
2249 -4674.42 -1125.14 -4982.22
2250 -4521.02 5213.64 -524.155
2251 1507.39 4352.88 5152.28
2252 -5230.46 3858.93 -2380.87
2253 -2372.65 6030.26 2417.91
2254 -5336.66 2302.53 -3761.59
2255 -5343.52 2411.01 -3682.97
2256 -5327.4 2189.64 -3841.91
2257 -5077.58 918.811 -4616.23
2258 -4570.47 3490.86 3834.86
2259 -633.329 -6059.48 3271.23
2260 4470.88 -2320.49 -4750.21
2261 3277 -5822.68 -1807.26
2262 4384.06 -3242.91 -4265.46
2263 818.785 5941.58 -3454.8
2264 3632.33 2137.23 -5493.05
2265 -3618.31 -2050.16 5518.41
2266 3395.06 2673.46 -5409.1
2267 -3067.06 -3081.64 5371.15
2268 1019.24 5791.65 -3650.7
2269 -2183.08 6563.14 111.612
2270 -3135.56 -2967.31 5396.16
2271 -1094.93 -5422.25 4146.33
2272 -240.725 6508.39 -2339.72
2273 -3779.77 3856.78 4314.14
2274 -4191.87 1500.82 5284.56
2275 -1878.24 -4677.01 4729.83
2276 -3422.08 -3169.88 5099.4
2277 -1575.37 -5950.58 3150.22
2278 -3012.81 -4055 4717.2
2279 34.0578 -6817.59 1174.64
2280 918.118 -6487.18 2215.66
2281 1645.85 -6649.58 -986.851
2282 -2669.32 6382.91 -2.76162
2283 3573.97 -4431.38 -3940.06
2284 -691.067 -6556.79 2090.62
2285 4169.25 -1937.94 -5176.45
2286 219.691 -6850.86 937.742
2287 3809.68 2034.22 -5411.33
2288 -4134.31 4915.32 2560.97
2289 1328.06 6160.69 -2860.85
2290 3978.36 1330.9 -5507.81
2291 -941.433 6853.76 23.065
2292 3586.45 2753.88 -5242.53
2293 -3931.31 3317.77 4615.64
2294 263.907 6737.79 -1554.42
2295 -2652.86 -5499.44 3245.79
2296 -1021.97 6840.97 130.993
2297 -1900.76 -6275.6 2200.67
2298 -1881.13 6522.68 1324.36
2299 2682.51 -5085.22 -3857.29
2300 -3448.08 -4082.42 4385.02
2301 3604.41 -3177.61 -4985.22
2302 832.168 -6711.1 -1475.57
2303 -4099.79 737.602 5513.08
2304 915.026 -6676.26 -1581.3
2305 3303.92 4424.41 -4174.27
2306 4091.68 -894.213 -5513.1
2307 642.926 6871.08 -488.16
2308 4089.14 1506.31 -5379.87
2309 1257.31 6675.28 -1317.77
2310 -2868.54 -5945.24 2066.64
2311 1337.63 3918.34 5532.25
2312 -6039.4 -723.739 -3305.9
2313 -5522.24 -1381.44 -3941.07
2314 6180.65 474.043 3061.35
2315 -901.514 -4057.45 -5537.15
2316 -689.104 4373.07 5306.66
2317 -5656.92 3392.43 2082.21
2318 -6136.42 2922.61 1292.82
2319 6313.91 -2674.15 -922.671
2320 5256.64 1647.28 4174.43
2321 6266.53 337.25 2901.4
2322 -739.032 4376.35 5297.22
2323 5336.13 1566.71 4104.42
2324 4713.69 -3952.98 -3171.21
2325 886.149 4053.41 5525.92
2326 -6211.6 2820.17 1152.82
2327 -3744.97 4256.31 3957.17
2328 5273.87 -3662.2 -2581.23
2329 -1949.23 -3711.04 -5510.26
2330 5918.15 -48.5784 3572.01
2331 6547.64 -2220.77 -231.397
2332 3981.13 2291.57 5162.52
2333 -4972.58 -1338.79 -4628.08
2334 -1994.8 4834.85 4519.55
2335 5867.2 49.0309 3654.76
2336 6419.42 -2252.1 1244.48
2337 769.76 4186.66 5443.81
2338 -6372.4 2555.25 -872.972
2339 645.726 4233.12 5423.74
2340 -4399.76 -1926.35 -4987.14
2341 -5223.63 4178.88 1761.4
2342 -3977.31 -2305.59 -5177.45
2343 -5513.37 3962.31 1329.36
2344 -5259.27 4150.34 1723.39
2345 -6437.8 1906.8 -1681.6
2346 3766.26 -4737.95 -3356.66
2347 -2017.64 -3625.23 -5542.99
2348 6322.2 -1096.56 2575.92
2349 -4635.31 4483.89 2498.98
2350 4646.17 -4239.79 -2886.84
2351 5457.75 -4010.19 -1416.57
2352 2643.56 -4643.54 -4400.53
2353 -4243.22 -2280.39 -4973.2
2354 6219.99 -1767.11 2448.36
2355 -1728.4 -3772.84 -5542.39
2356 2616.54 3209.48 5531.7
2357 2364.64 -4649.4 -4551.24
2358 -5464.61 4244.79 85.4316
2359 4324.68 1558.72 5159.2
2360 -3645 5254.63 2634.4
2361 2567.26 -5310.79 -3620.87
2362 -5948.65 3277.3 -1335.15
2363 5739.1 -3813.66 596.626
2364 -1714.72 3944.51 -5425.6
2365 4703.16 5032.67 -662.471
2366 2932.18 5597.95 -2825.99
2367 1045.71 5337.11 -4283.99
2368 -1450.94 4128.49 -5365.41
2369 -3289.44 2580.57 -5518.58
2370 3152.79 -2709.78 5519.73
2371 5426.19 707.138 4224.67
2372 -5803.69 -2796.5 -2530.13
2373 5792.19 2978.53 2327.1
2374 5799.76 2883.05 2425.54
2375 -450.153 -5125.69 4614.19
2376 4388.71 -1236.45 5193.39
2377 4490.6 -1081.33 5140.69
2378 -2848.2 -5594.99 2895.68
2379 4476.33 -1101.54 5148.87
2380 4421.15 -1184.66 5178.13
2381 5672.99 3617.07 1607.56
2382 -3067.82 -5584.91 2683.28
2383 4273.3 4889.75 -2397.99
2384 5792.46 2924.66 2392.6
2385 -6222.95 -1905.28 -2353.34
2386 6172.82 2856.09 1265.42
2387 1051.07 4916.79 -4760.16
2388 -51.9486 4584.77 -5188.09
2389 -4968.21 995.724 -4717.07
2390 -2286.25 3460.98 -5543.74
2391 -6227.42 -2465.98 -1740.26
2392 -4317.42 1769.25 -5114.75
2393 -6016.29 -3369 -572.858
2394 -5667.65 -118.721 -3972.18
2395 1102.01 -4125.68 5432.54
2396 5812.03 3754.25 -30.1708
2397 -374.623 -4720.91 5032.85
2398 -2093.42 -5080.72 4192.87
2399 4434.19 -1630.54 5044.23
2400 -1859.65 -5055.61 4330.68
2401 5865.67 565.426 3616.67
2402 4328.32 -1746.32 5097.16
2403 6325.81 2799.64 -168.102
2404 5274.61 -545.043 4434.64
2405 2825.03 4658.37 -4272.29
2406 5983.9 3329.8 -997.006
2407 -4621 1934.73 -4778.27
2408 4684.24 4253.02 -2808.59
2409 -5941.85 367.28 -3531.73
2410 -1103.7 4022.1 -5526.57
2411 223.853 -4295.54 5408.14
2412 -6297.44 -334.994 -2852.01
2413 6161.11 43.868 3139.05
2414 4711.58 -1840.72 4710.13
2415 2855.63 -3197.59 5419.57
2416 6576.02 1643.27 1382.81
2417 -1037 6808.1 670.397
2418 46.755 -6167.39 -3140.23
2419 -2643.24 6192.08 -1607.08
2420 1344.94 -6559.42 -1744.47
2421 233.234 -6252.46 -2958.02
2422 3535.8 -5787.24 1354.6
2423 -2769.99 -3550.43 -5258.27
2424 -3926.09 4183.02 -3876.02
2425 -3844.62 4412.04 -3699.74
2426 -3836.22 -1705.81 -5505.29
2427 -4317.75 1965.03 -5043.37
2428 92.9828 -6665.91 -1854.64
2429 -2999.98 -3715.91 -5012.09
2430 1645.22 -6717.89 152.267
2431 -3795.15 -1837.04 -5491.41
2432 3912.2 -4195.58 3856.44
2433 -1117.87 -6013.22 -3239.64
2434 4168.42 -3213.93 4479.61
2435 1564.75 -6738.84 42.755
2436 3950.66 1269.91 5525.24
2437 4215.61 -2930.38 4626.79
2438 3251.37 3205.05 5188.17
2439 3698.54 2104.87 5444.37
2440 -2690.26 5500.33 -3230.01
2441 3117.85 3478.08 5094.11
2442 -3309.53 4469.2 -4123.83
2443 -393.552 6744.95 1484.63
2444 -4151.89 37.8168 -5540.4
2445 164.961 6883.46 675.439
2446 -3551.14 -3277.34 -4957.06
2447 -4134 1079.67 -5448.23
2448 -2806.49 -4848.24 -4066.67
2449 -4155.64 215.33 -5533.62
2450 1680.71 -6455.92 1822.49
2451 -3592.68 -3160.16 -5003.67
2452 2740.29 -5420.45 3302.32
2453 -2311.3 -5535.95 -3452.35
2454 3863.23 -2851.92 4969.75
2455 3763.54 -3230.99 4812.35
2456 3581.43 3171.69 4988
2457 2000.14 -6220.73 2262.37
2458 -22.3552 6905.94 418.488
2459 3441.44 -2699.46 5064.55
2460 -2520.1 -5751.04 -2657.53
2461 3390.29 3680.96 4767.14
2462 3177.87 4766.85 3677.1
2463 871.762 6673.49 1597.9
2464 3165.81 4792.17 3656.32
2465 2977.22 5117.35 3364.87
2466 3015.9 5046.88 3430.33
2467 3219.26 4682.56 3745.45
2468 3073.56 4945.4 3522.39
2469 1502.84 6468.16 1488.74
2470 -413.721 -1984.45 -6647.64
2471 -1338.45 1632.03 -6620.75
2472 -1838.87 4451.77 -5007.48
2473 -1853.42 4568.38 -4895.62
2474 -1928.62 5356.28 -3981.29
2475 -1509.21 2459.25 -6321.36
2476 -1819.22 6653.82 -798.745
2477 -1945.2 5983.16 -2944.56
2478 -1921.3 5266.83 -4103.25
2479 -1852.13 4568.11 -4896.53
2480 -1470.85 6593.43 1596.32
2481 -1942.58 6047.62 -2810.58
2482 -1226.7 6259.33 2734.53
2483 -1902.38 6426.02 -1824.24
2484 -635.209 5035.23 4729.03
2485 -1938.91 6107.75 -2681.41
2486 -1801 6676.41 -651.21
2487 -832.443 5493.32 4154.91
2488 735.392 836.811 6843.02
2489 -179.38 3827.78 5780.43
2490 1767.21 -3892.83 5465.71
2491 -94.8807 3583.9 5936.9
2492 1106.82 -626.525 6815.7
2493 327.679 2266.49 6544.97
2494 1336.45 -1637.21 6603.56
2495 692.321 996.306 6825.86
2496 1924.32 -5364.9 3955.64
2497 614.526 1278.67 6786.71
2498 1718.84 -3652.82 5638.74
2499 1696.84 -3516.33 5731.6
2500 1937.09 -5621.06 3576.63
2501 1756.49 -3894.8 5463.17
2502 1677.51 -3397.05 5809.19
2503 1849.3 -4578.44 4870.97
2504 1464.98 -6591.09 -1630.3
2505 1640.55 -6721.85 -594.853
2506 902.914 -5649.37 -3942.93
2507 1437.97 -6561.75 -1765.28
2508 1718.94 -3646.13 5643.99
2509 591.316 -4930.28 -4861.24
2510 -1274.57 1340.89 -6698.23
2511 261.491 -4063.45 -5631.9
2512 -288.839 -2399.21 -6516.16
2513 1222.34 -6256.44 -2764.1
2514 -773.99 -701.488 -6870.7
2515 -246.2 -2537.88 -6465.45
2516 3616.33 3644.22 4626.63
2517 3006.8 -3641.87 -5061.78
2518 6893.32 -91.2015 -577.613
2519 -6188.03 -2057.42 -2322.96
2520 6737.06 -717.853 -1404.22
2521 6841.8 805.245 619.439
2522 -6759.52 -739.196 -1293.16
2523 -2674.61 -3918.54 -5042.94
2524 1379.2 4102.96 5386.28
2525 -6876.39 -655.691 -426.399
2526 199.057 4147.29 5523.39
2527 -336.387 4126.8 5532.17
2528 -5047.08 -3010.3 -3660.05
2529 -4006.53 -3509.58 -4423.17
2530 5461.52 -2363.77 -3534.23
2531 -6231.92 -1999.12 -2254.87
2532 -4654.14 -3232.38 -3978.35
2533 4686.24 -3435.2 -3761.29
2534 -5703.77 2795.69 2735.81
2535 -6761.78 -234.836 -1459.73
2536 -5237.31 3127 3257.19
2537 1778.23 3876.13 5437.14
2538 -5709.77 -1882.84 -3432.35
2539 -5655.99 -1938.6 -3489.54
2540 -2334.13 4102.07 5048.58
2541 -6542.47 -797.477 -2114.47
2542 -5010.43 -2451.76 -4100.44
2543 -6353.7 2111.94 1740.78
2544 -5579.16 -2011.28 -3571.48
2545 6734.36 303.229 1545.28
2546 -6722.43 1436.3 779.136
2547 1445.25 -4191.64 -5317.33
2548 -5441.85 -2136.84 -3708.07
2549 1311.79 -4196.91 -5347.79
2550 -4096.31 -3022.85 -4692.3
2551 -4838.41 -1839.57 -4392.91
2552 726.998 -4203.23 -5453.32
2553 -5922 3019.74 1348.16
2554 3859.04 -3988.46 -4137.19
2555 -5701.21 3205.97 1584.13
2556 5276.51 -3376.81 -2942.43
2557 -4601.63 -1960.85 -4504.57
2558 -345.496 -4156.34 -5526.7
2559 3678.09 -3399.03 -4779.09
2560 -4866.51 3820.12 2776.02
2561 -4503.44 -2043.47 -4565.07
2562 4957.45 -3290.24 -3535.86
2563 -6014.2 2851.65 1000.16
2564 -4554.7 -2000.32 -4533.52
2565 -4727.54 -1850.31 -4420.37
2566 -5141.24 3636.09 2372.21
2567 -4919.74 -1670.44 -4278.39
2568 -4842.21 -1745.2 -4338.28
2569 -2799.63 1640.77 -6145.61
2570 5475.08 -2053.65 3736.58
2571 172.977 913.533 -6887.15
2572 1756.64 445.899 -6709.29
2573 -5810.52 1119.48 3624.18
2574 -555.298 1110.42 -6837.97
2575 -6656.41 1705.73 1008.99
2576 1177.64 623.341 -6820.79
2577 5805.76 -1113.57 -3650.94
2578 2853.42 86.8553 -6336.26
2579 6294.49 -1398.88 -2586.62
2580 5138.98 -793.319 -4609.4
2581 6190.33 -1332.46 -2858.58
2582 -3719.74 197.525 5852.51
2583 6691.47 -1858.43 -96.2018
2584 6594.21 -1643.66 -1436.64
2585 6651.44 -1931.49 505.028
2586 6633.45 -1946.85 653.703
2587 5469.91 -2053.02 3744.13
2588 6686.04 -1877.6 54.2938
2589 -4632.49 583.766 5128.48
2590 5784.91 -2068.66 3227.15
2591 1987.51 -1461 6480.24
2592 4715.24 -1974.04 4690.32
2593 -610.309 -787.493 6860.63
2594 2673.1 -1612.43 6191.93
2595 414.281 -1070.7 6836.99
2596 -23.2728 -952.391 6866.88
2597 -4739.38 623.796 5025.27
2598 123.413 -992.664 6860.19
2599 -5735.66 1080.38 3751.64
2600 -315.994 -871.02 6870.54
2601 -6596.05 1648.26 1404.05
2602 -3114.09 6.11959 6195.06
2603 -6680.48 1775.42 659.355
2604 -4751.17 628.917 5013.83
2605 -6276.16 2055.59 -2154.74
2606 -6684.27 1880.17 -80.4374
2607 -6594.57 1646.43 1413.44
2608 -6684.12 1881.35 -88.9091
2609 -6050 2070.5 -2715.82
2610 -6325.15 2049.47 -2011.52
2611 -4386.45 1929.07 -5032.65
2612 -5461.1 2053.29 -3773.51
2613 -3813.15 1835.79 -5512.1
2614 -2935.84 1668.71 -6073.86
2615 5935.86 3520.07 477.618
2616 6198.74 1699.88 -2565.83
2617 2427.65 -3367.34 -5541.25
2618 -3654.91 -5045.48 -3018.16
2619 719.951 -4313.91 -5367.75
2620 -3877.43 -4757.64 -3202.73
2621 -1895.03 -4855.92 -4556.45
2622 -6490.49 -955.689 2192.09
2623 1453.16 -3886.87 -5542.58
2624 -2411.56 -4671.46 -4505.46
2625 -6528.51 -1143.09 1980.1
2626 257.172 -4294.71 -5424.73
2627 -4354.82 -4375.55 -3133.54
2628 4086.21 -2383.51 -5054.75
2629 -1332.37 -4611.63 -4989.68
2630 6375.44 540.626 -2638.7
2631 3486.6 -2815.47 -5277.2
2632 5863.43 3458.32 1224.96
2633 5437.88 -1076.21 -4146.25
2634 -5587.49 -3713.94 -1700.79
2635 6293.95 328.42 -2860.46
2636 1885.35 4650.18 4752.43
2637 -6094.75 97.6455 3264.94
2638 350.193 4437.88 5285.3
2639 -2459.74 -4665.18 -4485.53
2640 -3271.32 -4611.71 -3995.11
2641 -1917.77 3678.38 5526.29
2642 -3285.87 -4149.71 -4348.54
2643 -4261.27 -3901.08 -3676.05
2644 -6414.48 224.363 2374.11
2645 -5643.12 1363.67 3611.04
2646 -3186.67 -4168.43 -4402.79
2647 -6676.78 -654.587 1331.8
2648 -5615.3 1396.85 3643.05
2649 -5789.23 1184.12 3432.98
2650 -5672.14 1326.39 3575.93
2651 -6512.38 -58.0675 1734.43
2652 -4121.12 -3949.11 -3770.05
2653 -3698.85 -4071.31 -4069.87
2654 -6288.83 467.437 2630.74
2655 -4088.3 -3959.78 -3796.35
2656 -6004.64 912.568 3122.95
2657 -6263.56 510.164 2680.08
2658 -6260.64 504.235 2679.16
2659 -6230.8 563.983 2741.38
2660 -6513.81 -1785.37 -536.041
2661 -6143.47 703.331 2897.93
2662 -6053.66 926.379 2887.35
2663 -6138.1 707.741 2904.98
2664 -6386.22 308.313 2097.67
2665 -6405.62 263.497 2044.17
2666 1784.57 3976.51 5362.83
2667 5353.31 -1112.87 4227.78
2668 1327.13 4320.69 5227.8
2669 -2484.63 5797.88 2835.11
2670 -5473.59 3765.21 -1943.4
2671 -4732.79 5048.52 -51.1881
2672 -5139.19 2592.27 -3789.76
2673 -3396.21 5725.05 1881.31
2674 -4803.82 -298.062 -4977.4
2675 -5264.38 809.949 -4423.49
2676 3404.36 -5728.37 -1866.01
2677 -3700.37 -2043.02 -5483.7
2678 5402.43 -1309.8 4107.98
2679 -4971.17 2.4977 -4819.37
2680 4960.4 -57.3855 4811.51
2681 4427.52 -5295.53 -469.399
2682 -2571.6 6130.31 1761.69
2683 4514.65 816.492 5167.78
2684 -5109.7 3441.47 -3058.79
2685 -4792.18 1811.31 -4386.9
2686 5111.93 -2774.38 3660.29
2687 -4817.06 2088.4 -4233.69
2688 -2802.84 6098.41 1489.38
2689 5105.32 -3006.4 3484.02
2690 -1702.84 6082.88 2701.77
2691 5101.94 -3076.7 3422
2692 5109.83 -2912.51 3545.91
2693 5099.45 -3122.98 3376.79
2694 5103.15 -3061.94 3420.96
2695 5029.32 -3678.29 2886.06
2696 -4127.04 -723.665 -5291.5
2697 160.122 5453.78 4168.06
2698 -3392.49 -2333.11 -5502.78
2699 -3762.96 -1747.93 -5481.05
2700 -5005.4 1402.34 -4492.23
2701 -2310.15 6123.44 2074.52
2702 -3757.04 -1752.9 -5476.94
2703 -4928.63 1052.28 -4670.82
2704 -4800.33 1887.98 -4347.1
2705 -5067.76 1763.3 -4289.32
2706 -4815.43 2063.91 -4249.22
2707 -4820.43 2138.5 -4205.84
2708 -4809.05 1982.69 -4295.24
2709 -4791.95 1805.62 -4391.64
2710 -4822.13 2165.78 -4190.29
2711 -4559.27 594.538 -4937.31
2712 -4813.09 2035.91 -4265.29
2713 -4795.15 1838.75 -4373.95
2714 -4807.31 1967.52 -4303.61
2715 -4800.27 1892.78 -4344.73
2716 -4792.52 1819.04 -4384.28
2717 -5004.41 -4752.36 -787.012
2718 -5004.42 -4694.35 -1083.5
2719 -5005.8 -4722.83 -938.846
2720 -3956.03 -2950.82 -4896.35
2721 -4979.65 -4838.23 -183.093
2722 -4327.31 -3443.38 -4207.94
2723 -2576.89 -1333.45 -6315.08
2724 -4616.66 -3865.29 -3468.44
2725 -1896.84 -603.29 -6658.22
2726 1409.03 2564.52 -6302.45
2727 -743.89 567.723 -6885.99
2728 -3199.6 -2035.22 -5823.9
2729 1623.27 2749.83 -6171.31
2730 -2001.32 -713.37 -6616.85
2731 2125.59 3172.54 -5804.72
2732 -851.632 461.376 -6880.66
2733 1414.9 2569.77 -6299.11
2734 3051.38 3902.87 -4870.87
2735 3765.43 4406.36 -3829.31
2736 3057.63 3907.93 -4863.2
2737 4834.91 4902.28 -900.12
2738 4105.56 4615.96 -3176.31
2739 4941.81 4474.95 1929.71
2740 3390.31 4150.17 -4421.16
2741 4826.32 4228.7 2641.5
2742 4984.82 4822.55 305.783
2743 4265.64 3365.08 4312.34
2744 4802.78 4901.82 -1060.01
2745 4860.76 4900.68 -758.104
2746 4655.06 3934.13 3315.21
2747 1792.74 498.069 6678.49
2748 3957.18 2958.3 4867.89
2749 1693.55 394.581 6711.03
2750 3360.96 2228.71 5641.22
2751 4482.14 3668.57 3818.59
2752 1890.84 600.766 6642.77
2753 413.205 -887.548 6863.22
2754 520.53 -783.591 6868.5
2755 -2619.3 -3570.16 5339.14
2756 -1318.74 -2484.87 6338.17
2757 -4114.61 -4621.16 3144.02
2758 -559.707 -1803.92 6670.92
2759 -4051.16 -4583.76 3277.84
2760 -3783.94 -4418.17 3783.84
2761 -5001.25 -4778.82 -629.13
2762 -4747.01 -4894.76 1309.91
2763 1440.48 6720.44 789.291
2764 1776.45 6566.5 1258.7
2765 -819.672 6519.63 -2175.54
2766 -2612.89 4788.07 -4263.7
2767 -1169.48 6307.11 -2602.1
2768 2161.41 -5378.22 3766.66
2769 1654.87 -5910.83 3181.58
2770 4193.78 1172.45 5365.74
2771 2950.42 -4213.4 4616.1
2772 -3979.85 -4174.52 -3607.78
2773 3265.36 -3577.44 4929.19
2774 -2630.61 -6175.3 -1211.97
2775 4149.42 1927.32 5179.49
2776 3060.57 -3298.54 5112.69
2777 3640.97 4181.96 4128.61
2778 -3334.2 -5450.43 -2382.93
2779 -3914.22 -4340.95 -3518.27
2780 -3116.19 -5719.87 -2011.03
2781 -3165.33 -5668.98 -2085.63
2782 2983.05 -3180.27 5121.89
2783 -3125.55 -5711.41 -2023.86
2784 -3116.14 -5714.05 -2019.18
2785 -2905.72 -5936.24 -1665.34
2786 -3135.54 -5689.32 -2054.88
2787 -3493.41 -5200.61 -2684.74
2788 3290.77 -2829.56 5237.37
2789 -2776.43 -6045.45 -1467.71
2790 3392.01 -2603.22 5287.51
2791 -3123.95 -5701.04 -2037.7
2792 -2740.34 -6066.96 -1424.27
2793 3603.64 -2082.43 5378.4
2794 -3988.27 -4258.05 -3399.19
2795 3342.02 -2715.58 5261.86
2796 2864.49 5946.8 1308.6
2797 -3233.14 -5556.36 -2240.82
2798 2797.9 6001.63 1201.53
2799 2667.48 6097.72 997.207
2800 2725.6 6056.34 1086.97
2801 2211.59 -4395.83 4577.77
2802 2883.27 5931.08 1338.3
2803 2992.81 -3199.17 5096.03
2804 2780.73 6015 1173.57
2805 2919.37 5900.14 1396.63
2806 -1356.17 5451.92 -3713.02
2807 -3878.84 1107.99 -5391.15
2808 -3293.84 -5514.2 -2004.61
2809 -3351.08 -5441.47 -2106.73
2810 -1608.7 5209.93 -3952.52
2811 2938.84 5883.27 1427.66
2812 3022.03 5805.63 1563.92
2813 2867.55 5944.86 1311.79
2814 -851.065 5858.38 -3209.71
2815 -3143.59 -5688.23 -1742.57
2816 -4428.37 -2155.55 4829.97
2817 -4423.07 -2325.66 4748.94
2818 -4430.56 -2060.09 4868.2
2819 -4421.23 -2353.69 4740.53
2820 -4430.9 -1798.96 4967.3
2821 -4427.68 -1644.98 5021.69
2822 -4431.92 -1943.37 4906.64
2823 -4409.81 -2554.24 4641.04
2824 4051.19 4409.23 -3430.66
2825 4104.29 4255.14 -3561.85
2826 4075.6 4340.96 -3484.31
2827 -4627.09 -2690.04 3997.73
2828 4115.36 4224.11 -3576.71
2829 4118.11 4213.43 -3591.35
2830 -4405.46 -3408.28 3931.3
2831 -4467.24 -1344.65 4972.34
2832 -4325.73 -3791.68 3648.32
2833 4148.29 4118.06 -3663.17
2834 -4464.61 -3408.51 3755.75
2835 -4351.48 -3683.14 3732.92
2836 -4446.99 -3512.38 3680.82
2837 -4487.18 -1699.25 4827.04
2838 -4413.12 -3686.51 3549.07
2839 -4462.24 -3423.47 3745.49
2840 -4514.5 -1521.61 4788.47
2841 -4491.05 -3228.53 3881.24
2842 -4562.24 -2310.58 4364.17
2843 -4529.65 -2851.78 4122.46
2844 -4442.77 -3536.32 3662.29
2845 -4530.74 -1723.41 4704.48
2846 -4408.51 -3709.16 3530.6
2847 -4457.97 -3449.04 3726.06
2848 -4446.22 -3518.35 3675.25
2849 -4426.37 -3622.34 3597.48
2850 -4429.47 -3607.07 3608.77
2851 -4390.06 -3791.25 3465.38
2852 -4449.06 -3502.13 3686.67
2853 -4412.11 -3692.03 3543.35
2854 -4415.78 -3674.94 3556.26
2855 -4463.86 -3414.72 3750.05
2856 -4532.32 -2160.59 4469.82
2857 -4433.39 -3586.64 3623.56
2858 -4523.09 -1875.68 4605.76
2859 -4519.17 -1807.32 4636.29
2860 -4532.66 -2418.7 4336.16
2861 -4526.15 -1941.36 4575.5
2862 -4531.99 -2129.69 4485
2863 -4507.95 -1641.83 4708.03
2864 -4521.28 -1840.65 4621.21
2865 -4517.03 -1769.19 4653.21
2866 3944.56 4902.43 -2390.02
2867 -4481.07 -3169.61 3883.6
2868 -1932.96 1445.44 6468.88
2869 -2354.93 1544.73 6322.65
2870 -1984.92 1461.05 6467.05
2871 -2354.39 1544.78 6322.54
2872 -2058.5 1476.58 6434.64
2873 -1690.18 1390.56 6558.85
2874 -1678.82 1387.78 6560.96
2875 -1963.29 1454.63 6468.46
2876 -1732.76 1400.42 6542.84
2877 -1942.95 1449.94 6475.16
2878 -1508.25 1346.6 6608.99
2879 -1769.01 1409.07 6532.05
2880 -1827.21 1422.45 6510.08
2881 -1698.7 1392.38 6552.92
2882 -1722.96 1397.87 6542.73
2883 -1384.65 1316.62 6641.46
2884 -1582.99 1364.54 6584.94
2885 -1668.72 1385.05 6560.31
2886 -985.408 1216.67 6727.66
2887 -1716.25 1396.26 6545.38
2888 -1278.33 1290.15 6664.51
2889 -910.006 1197.58 6742.43
2890 -987.409 1217.1 6726.27
2891 -1153.52 1259.05 6692.62
2892 -1118.56 1250.23 6699.04
2893 -1903.15 1415.51 6432.55
2894 -910.235 1197.33 6739.29
2895 -464.731 1081.22 6804.85
2896 -2555.2 1583.7 6217.44
2897 -918.566 1199.47 6738.23
2898 -2419.64 1554.17 6277.97
2899 -891.791 1192.63 6742.44
2900 -1013.24 1222.19 6719.22
2901 -2644.69 1602.79 6174.59
2902 -2526.06 1577.83 6229.64
2903 -2354.92 1540.13 6305.97
2904 6170.1 -1331.95 2853.05
2905 -2558.24 1584.77 6215.15
2906 -2323.71 1533.54 6318
2907 -2390.36 1548.09 6289.63
2908 -2330.67 1535.07 6314.17
2909 -2055.19 1473.03 6423.49
2910 -2139.72 1492.03 6389.86
2911 -2011.92 1463.22 6438.91
2912 -2173.53 1499.66 6376.37
2913 -2284.35 1524.55 6331.28
2914 -3789.35 -2088.07 5143.01
2915 -3773.39 -2160.93 5124.39
2916 -3744.7 -2285.86 5090.83
2917 -3803.29 -2020.98 5159.34
2918 998.946 6460.62 -1601.61
2919 -3829 -1892.93 5188.51
2920 -3715.98 -2404.75 5057.17
2921 -3593.17 -2854.84 4910.3
2922 -3757.21 -2231.86 5105.77
2923 -3878.05 -1621.2 5243.66
2924 -3306.66 -4010.5 4138.62
2925 -3707.55 -2438.37 5047.43
2926 -3779.39 -2132.68 5131.59
2927 -3627.99 -2734.71 4952.54
2928 -3723.34 -2374.78 5066.13
2929 -3938.33 -1212.23 5308.41
2930 -3664.07 -2604.79 4995.91
2931 2863.96 4866.57 -3485.09
2932 -3847.69 -1793.66 5209.85
2933 2656.99 5158.08 -3412.65
2934 -3882.8 -1592.71 5249.06
2935 -3932.87 -1253.65 5302.88
2936 -3746.02 -2280.03 5093.05
2937 -3995.6 -655.377 5363.23
2938 -3849.93 -1780.12 5212.83
2939 -3305.71 -4031.15 4128.05
2940 -3989.59 -731.376 5358.18
2941 -4009.5 -452.101 5373.84
2942 -3831.6 -1878.03 5191.98
2943 -3991.66 -702.762 5360.21
2944 -3926.72 -1300.62 5296.55
2945 -3901.43 -1473.38 5269.63
2946 -4017.22 -305.79 5378.38
2947 -4010.99 -425.084 5375.09
2948 -4023.04 -161.298 5380.44
2949 2515.84 5071.01 -3825.98
2950 -4026.63 -30.1426 5380.05
2951 2442.26 5172.24 -3738.02
2952 2604.25 4942.44 -3931.26
2953 2369.7 5268.59 -3650.97
2954 2116.66 5575.09 -3167.41
2955 2528.6 5054.26 -3843.99
2956 1893.89 5808.86 -3071.35
2957 2014.4 5684.44 -3217.37
2958 1872.51 5830.27 -3045.94
2959 1924.65 5777.72 -3108.4
2960 -4106.81 819.572 5392.66
2961 -4107.7 810.186 5394.57
2962 2108.3 5586.64 -3341.09
2963 13.0505 5864.35 -3412.29
2964 -79.3944 5911.94 -3328.21
2965 1512.47 -6311.24 1766.93
2966 1424.5 -6302.22 1868.64
2967 -1212.06 -5005.64 4319.71
2968 1472.34 -6307.66 1813.6
2969 1653.29 -6320.53 1601.63
2970 1558.93 -6314.59 1713.06
2971 1783.76 -6322.46 1444.88
2972 -4436.35 608.24 5012.09
2973 -1547.98 -4698.29 4550.57
2974 -129.163 -5771.5 3446.11
2975 957.139 5302.74 -3977.47
2976 1829.88 -6322.07 1388.28
2977 -738.283 -5381.54 3960.33
2978 -3954.77 -887.752 5323.24
2979 2133.76 -6300.55 1007.57
2980 2005.51 -6313.6 1170.65
2981 -2298.95 -3944.7 4893.5
2982 2090.68 -6304.91 1062.33
2983 415.392 -6035.12 2936.54
2984 356.723 -6010.48 2993.47
2985 2259.21 -6279.77 843.551
2986 -1032.6 -5156.4 4187.74
2987 -1081.61 -5116.41 4224.08
2988 2426.67 -6244.49 620.389
2989 2384.65 -6254.8 677.253
2990 -206.26 -5728.9 3513.77
2991 -262.701 -5695.67 3563.15
2992 2595.23 -6195.79 387.609
2993 2553.8 -6209.03 445.559
2994 879.902 -6195.18 2464.25
2995 2675.48 -6167.58 274.727
2996 5.54593 -4492.62 4998.72
2997 -917.096 -4100.95 5244.37
2998 73.7195 -4517.27 4975.69
2999 343.633 -4609.54 4878.61
