0 1059.64 4763.24 4094.43
1 1639.23 -5851.27 -1933.12
2 -4486.77 -1646.56 -4214.98
3 -5759.69 -2132.88 1731.93
4 5113.82 -2340.95 3009.44
5 -2909.69 3108.36 4737.71
6 -28.2026 -5988.44 -2191.82
7 1949.24 -5965.4 -1161.17
8 3799.37 -3219.91 -3973.01
9 -2144.6 4641.95 -3801.55
10 6315.14 599.199 -693.626
11 4261.24 -3682.99 -2988.59
12 -1530.89 5839.9 -2062.18
13 3327.13 -3156.32 4425.45
14 6342.74 -468.101 -531.27
15 5608.36 -1046.82 -2853.72
16 5102.53 1.97407 3814.78
17 -1013.26 -4639.51 -4252
18 1327.67 4101.78 4691
19 1506.28 -5426.27 2994.82
20 1906.47 4397 4196.66
21 722.491 -6162.18 -1498.37
22 1869.95 5396.49 2831.43
23 -5863.24 -2513.98 196.478
24 -3494.25 4690.08 -2550.52
25 -4253.62 3108.83 3586.78
26 4744.5 3379.12 -2591.25
27 2374.2 5301.92 -2634.88
28 3748 -172.741 5140.8
29 4032.5 853.102 -4854.04
30 5399.26 -3385.22 -288.303
31 -4704.78 -4028.52 -1520.6
32 -1713.73 -3901.98 4729.53
33 -3789.7 -734.321 5062.69
34 -291.733 -6373.31 196.828
35 876.572 -4111.54 -4781.14
36 1353.72 -4596.82 -4201.67
37 -6073.6 196.901 -1943.57
38 -3823.03 2029.99 4673.62
39 -3931.01 -4652.57 1899.94
40 -6196.02 1530.93 134.465
41 6351.21 85.2669 -639.121
42 1672.81 5046.64 3513.48
43 -3816.4 2534.44 -4430.89
44 5072 -2252.14 -3137.54
45 -3926.18 883.351 -4936.03
46 719.128 -5681.19 2800.68
47 -4941.18 1192.37 -3841.94
48 -973.842 6136.7 1435.27
49 -4761.42 -439.706 -4208.15
50 -3155.82 4500.59 -3227.38
51 -1313.01 5841.88 -2204.26
52 1931.09 4853.64 3655.16
53 -2156.01 5456.25 -2502.21
54 -4616.37 -3004.46 -3214.1
55 6176.09 -1335.07 -871.954
56 -2298.3 -3304.62 4934.19
57 -3339.11 5437.17 -200.736
58 -3633.87 -516.152 5205.06
59 -400.637 5348.06 3442.81
60 4662.54 2307.93 -3678.56
61 5213.86 3188.57 1838.43
62 4934.56 1986 -3509.71
63 -3754.83 -3806.98 -3476.19
64 -372.117 4820.51 4154.64
65 -3429.62 -5294.72 960.518
66 4450.21 1070.88 4433.62
67 4968.33 56.9012 -3989.34
68 2232.57 -5977.92 117.007
69 -3216.7 1814.8 -5188.99
70 -6144.2 -1727.19 -29.6424
71 4076.45 4373.01 2231.4
72 3468.19 -3399.61 4129.42
73 -3506.83 1257.83 5160.48
74 4967.22 3788.42 1299.34
75 556.216 -5254.84 3564.87
76 3676.9 1372.63 5015.28
77 -3724.26 4027.59 3254.83
78 2013.11 4081.49 4455.35
79 4027.16 -4797.49 1206.11
80 -5822.89 82.7143 2592.83
81 5513.21 111.651 3204.57
82 1671.73 -4444.23 -4245.33
83 575.978 5349.06 -3418.18
84 6237.1 -1240.5 490.015
85 -6127.48 823.767 -1581.41
86 3933.22 211.65 5007
87 3904 788.332 4971.02
88 653.102 6295.4 -797.218
89 5217 1439.08 3371.54
90 -1807.4 -5999.33 1196.66
91 -5240.94 919.671 -3505.04
92 379.705 6372.7 -41.6437
93 -5061.54 -2341.03 -3094.44
94 -969.968 5702.61 -2682.44
95 3169.19 -4282.89 3496.3
96 3152.08 -2244.77 -5059.2
97 4193.76 -2775.35 3913.47
98 -4246.98 2802.05 -3835.17
99 -4964.06 -1800.41 3568.79
