0 0 5885.88 -16.1824 0
0 1 7477.25 -26.2689 0
0 2 9598.61 -39.8625 0
0 3 11376.5 -52.943 0
0 4 12390.2 -62.2947 0
0 5 12461.6 -63.0556 0
0 6 11580.8 -54.6607 0
0 7 9899.57 -41.9115 0
0 8 7790.29 -28.2258 0
0 9 6039.18 -17.1802 0
1 0 11115.8 -50.8374 0
1 1 11485.5 -53.8516 0
1 2 11231.9 -51.7637 0
1 3 10414.2 -45.5411 0
1 4 9252.55 -37.5595 0
1 5 8146.38 -30.4606 0
1 6 7618.51 -27.1515 0
1 7 7988.22 -29.4663 0
1 8 9026.77 -36.0826 0
1 9 10212.9 -44.1001 0
2 0 12502.2 -63.4974 0
2 1 10260 -44.435 0
2 2 7089.47 -23.8449 0
2 3 3509.2 1.82945 0
2 4 2432.63 14.6211 0
2 5 5783.22 -15.5088 0
2 6 9187.21 -37.1302 0
2 7 11807.5 -56.6494 0
2 8 13320.8 -74.6789 0
2 9 13560.4 -79.9631 0
3 0 8286.97 -31.3474 0
3 1 4881.79 -9.33505 0
3 2 2498.86 13.6198 0
3 3 4756.29 -8.4258 0
3 4 8163.63 -30.5692 0
3 5 11021.9 -50.0992 0
3 6 12895.5 -68.1883 0
3 7 13564.3 -80.0731 0
3 8 12950.4 -68.9199 0
3 9 11119.4 -50.8656 0
4 0 7159.99 -24.2862 0
4 1 10204.4 -44.0403 0
4 2 12391.7 -62.3105 0
4 3 13438.5 -77.0091 0
4 4 13226.4 -73.0338 0
4 5 11784 -56.4384 0
4 6 9280.69 -37.7449 0
4 7 6064.38 -17.3434 0
4 8 3106.1 5.93758 0
4 9 3895.63 -1.65538 0
5 0 4964.1 -9.92326 0
5 1 3657.52 0.448206 0
5 2 5773.55 -15.4451 0
5 3 8766.41 -34.4001 0
5 4 11280.1 -52.1538 0
5 5 12857.2 -67.6921 0
5 6 13289.6 -74.1165 0
5 7 12522 -63.7156 0
5 8 10645.8 -47.2382 0
5 9 7926.38 -29.0783 0
6 0 11276.3 -52.1232 0
6 1 10969.9 -49.6949 0
6 2 10189.7 -43.9356 0
6 3 9160.93 -36.958 0
6 4 8260.76 -31.1818 0
6 5 7922.85 -29.0562 0
6 6 8342.42 -31.698 0
6 7 9279.99 -37.7403 0
6 8 10296.9 -44.6977 0
6 9 11031.6 -50.1748 0
7 0 10597.5 -46.8808 0
7 1 11206 -51.5554 0
7 2 11277.5 -52.1326 0
7 3 10793.1 -48.342 0
7 4 9879.85 -41.7758 0
7 5 8819.65 -34.7426 0
7 6 8035.3 -29.7619 0
7 7 7935.78 -29.1373 0
7 8 8580.98 -33.2133 0
7 9 9616.28 -39.9815 0
8 0 12402.3 -62.4217 0
8 1 13230.9 -73.1091 0
8 2 12870.3 -67.8611 0
8 3 11364.6 -52.8446 0
8 4 8921.27 -35.3984 0
8 5 5991.82 -16.8729 0
8 6 3834.44 -1.12691 0
8 7 4906.85 -9.51479 0
8 8 7778.3 -28.1508 0
8 9 10491.2 -46.1002 0
9 0 12268.7 -61.0389 0
9 1 11009.6 -50.003 0
9 2 9046.23 -36.2092 0
9 3 6887.78 -22.5804 0
9 4 5583.94 -14.1873 0
9 5 6262.83 -18.6211 0
9 6 8276.14 -31.2789 0
9 7 10386 -45.3373 0
9 8 11928.9 -57.7555 0
9 9 12593.1 -64.5113 0
10 0 10295.2 -44.6861 0
10 1 12595.7 -64.5408 0
10 2 13675.1 -83.9128 0
10 3 13423.1 -76.6819 0
10 4 11867.5 -57.1921 0
10 5 9170.13 -37.0183 0
10 6 5616.54 -14.4048 0
10 7 1786.15 27.6211 444
10 8 3147.45 5.48804 0
10 9 7012.67 -23.3638 0
11 0 11808.8 -56.6606 0
11 1 12942.6 -68.8151 0
11 2 12955.4 -68.9871 0
11 3 11844.1 -56.9793 0
11 4 9768.48 -41.0132 0
11 5 7101.68 -23.9213 0
11 6 4735.8 -8.27585 0
11 7 4698.22 -7.99974 0
11 8 7039.75 -23.5335 0
11 9 9715.76 -40.6545 0
12 0 11184.4 -51.3824 0
12 1 10304.2 -44.7499 0
12 2 9110.3 -36.6269 0
12 3 8025.19 -29.6984 0
12 4 7582.85 -26.9287 0
12 5 8056.63 -29.896 0
12 6 9154.88 -36.9184 0
12 7 10344.7 -45.0405 0
12 8 11208.6 -51.5768 0
12 9 11512.2 -54.0765 0
13 0 5486.78 -13.5354 0
13 1 8460.86 -32.4488 0
13 2 11047.7 -50.3012 0
13 3 12734.2 -66.1624 0
13 4 13288.5 -74.0971 0
13 5 12646 -65.1194 0
13 6 10888.8 -49.0701 0
13 7 8258.49 -31.1674 0
13 8 5294.81 -12.231 0
13 9 3670.17 0.333062 0
14 0 10179.1 -43.8613 0
14 1 12527.4 -63.775 0
14 2 13660.7 -83.291 0
14 3 13463.5 -77.5583 0
14 4 11957.9 -58.024 0
14 5 9300.26 -37.874 0
14 6 5769.67 -15.4195 0
14 7 1900.89 24.7192 495
14 8 2975.09 7.41281 0
14 9 6859.46 -22.4024 0
15 0 11733.7 -55.9915 0
15 1 13337.9 -74.9959 0
15 2 13653.9 -83.0156 0
15 3 12648.1 -65.1439 0
15 4 10426.8 -45.6322 0
15 5 7230.72 -24.7285 0
15 6 3484.74 2.06323 0
15 7 1892.96 24.9085 54
15 8 5471.56 -13.4328 0
15 9 9009.21 -35.9684 0
16 0 6269.49 -18.6637 0
16 1 9721.6 -40.6941 0
16 2 12244.1 -60.7909 0
16 3 13575.6 -80.3937 0
16 4 13584.1 -80.6446 0
16 5 12273.8 -61.0907 0
16 6 9776.81 -41.07 0
16 7 6345.1 -19.1473 0
16 8 2406.3 15.031 0
16 9 2327.67 16.2991 0
17 0 12543.1 -63.9499 0
17 1 11665.7 -55.3948 0
17 2 9955.06 -42.2947 0
17 3 7778.56 -28.1524 0
17 4 5921.6 -16.4157 0
17 5 5697.84 -14.945 0
17 6 7326.54 -25.3274 0
17 7 9520.94 -39.341 0
17 8 11369.4 -52.8847 0
17 9 12439.1 -62.8143 0
18 0 5090.24 -10.8135 0
18 1 7154.87 -24.2542 0
18 2 9656.47 -40.2528 0
18 3 11659.9 -55.3439 0
18 4 12766.1 -66.5501 0
18 5 12809.2 -67.0844 0
18 6 11785.3 -56.4506 0
18 7 9846.73 -41.5482 0
18 8 7363.85 -25.5605 0
18 9 5203.03 -11.5988 0
19 0 7141.11 -24.1681 0
19 1 8514.13 -32.7875 0
19 2 10131 -43.5218 0
19 3 11396 -53.1042 0
19 4 11990.7 -58.3306 0
19 5 11794.9 -56.5361 0
19 6 10849.3 -48.7689 0
19 7 9362.29 -38.2843 0
19 8 7771.23 -28.1065 0
19 9 6810.08 -22.0919 0
20 0 5766.67 -15.3998 0
20 1 7881.76 -28.7987 0
20 2 10177.2 -43.8479 0
20 3 11904.7 -57.5328 0
20 4 12727 -66.0759 0
20 5 12517.7 -63.6678 0
20 6 11310.5 -52.4011 0
20 7 9304.88 -37.9045 0
20 8 6956.85 -23.0138 0
20 9 5292.82 -12.2174 0
21 0 10822 -48.5613 0
21 1 10899.1 -49.1493 0
21 2 10554.5 -46.5642 0
21 3 9886.61 -41.8223 0
21 4 9113.95 -36.6508 0
21 5 8542.74 -32.9696 0
21 6 8445.68 -32.3524 0
21 7 8873.65 -35.0907 0
21 8 9611.57 -39.9498 0
21 9 10345.8 -45.0481 0
22 0 7308.26 -25.2131 0
22 1 8834.77 -34.8399 0
22 2 10449.9 -45.8002 0
22 3 11614.9 -54.9541 0
22 4 12055.9 -58.948 0
22 5 11687.9 -55.5882 0
22 6 10585.4 -46.7916 0
22 7 8999.38 -35.9046 0
22 8 7432.94 -25.9921 0
22 9 6686 -21.3102 0
23 0 9554.31 -39.5647 0
23 1 6409.71 -19.5592 0
23 2 3396.28 2.92365 0
23 3 3731.76 -0.221775 0
23 4 6876.83 -22.5116 0
23 5 9942.44 -42.2074 0
23 6 12206.7 -60.4165 0
23 7 13365.6 -75.5232 0
23 8 13279.7 -73.9426 0
23 9 11956.7 -58.0131 0
24 0 11490.5 -53.8936 0
24 1 9730.21 -40.7527 0
24 2 7579.78 -26.9095 0
24 3 5881.01 -16.1505 0
24 4 5899.18 -16.2693 0
24 5 7614.11 -27.124 0
24 6 9761.41 -40.965 0
24 7 11512.4 -54.0785 0
24 8 12468.5 -63.1305 0
24 9 12460.3 -63.0425 0
25 0 6439.12 -19.7464 0
25 1 3904.4 -1.73046 0
25 2 4420.66 -5.91038 0
25 3 7258.72 -24.9035 0
25 4 10097.4 -43.2861 0
25 5 12188.1 -60.2323 0
25 6 13220.4 -72.9335 0
25 7 13061.9 -70.4823 0
25 8 11727.7 -55.9384 0
25 9 9390.53 -38.4716 0
26 0 11560.8 -54.49 0
26 1 12936.7 -68.7352 0
26 2 13167.6 -72.082 0
26 3 12223 -60.579 0
26 4 10228.9 -44.2136 0
26 5 7497.84 -26.3975 0
26 6 4752.16 -8.39561 0
26 7 4066.21 -3.08908 0
26 8 6358.82 -19.2348 0
26 9 9229.06 -37.405 0
27 0 11577.1 -54.6292 0
27 1 12132.5 -59.6866 0
27 2 11849.6 -57.0294 0
27 3 10781.7 -48.2558 0
27 4 9163.43 -36.9744 0
27 5 7478.77 -26.2784 0
27 6 6542.19 -20.4008 0
27 7 7041.1 -23.542 0
27 8 8585.04 -33.2392 0
27 9 10293.8 -44.6756 0
28 0 4417.75 -5.88796 0
28 1 8175.56 -30.6444 0
28 2 11177 -51.3238 0
28 3 13096.3 -70.9896 0
28 4 13740.6 -89.1091 0
28 5 13050.2 -70.3136 0
28 6 11096.1 -50.6814 0
28 7 8071.58 -29.99 0
28 8 4300.43 -4.97473 0
28 9 1024.53 76.4717 263
29 0 12914.6 -68.4405 0
29 1 13699.3 -85.142 0
29 2 13155.2 -71.887 0
29 3 11336.4 -52.613 0
29 4 8433.69 -32.2764 0
29 5 4778.14 -8.58518 0
29 6 1407.83 40.9629 288
29 7 4066.99 -3.09556 0
29 8 7811.21 -28.3568 0
29 9 10881.8 -49.0166 0
30 0 9993.65 -42.5623 0
30 1 12066.9 -59.0532 0
30 2 13115.8 -71.2821 0
30 3 12999.1 -69.5882 0
30 4 11733.8 -55.9921 0
30 5 9495.78 -39.1727 0
30 6 6673.51 -21.2314 0
30 7 4258.56 -4.64403 0
30 8 4592.2 -7.21239 0
30 9 7232.63 -24.7404 0
31 0 10801.1 -48.4024 0
31 1 8452.24 -32.3941 0
31 2 5935.16 -16.5042 0
31 3 4675.61 -7.83283 0
31 4 6034.94 -17.1527 0
31 5 8561.69 -33.0904 0
31 6 10884.6 -49.0382 0
31 7 12439.4 -62.8174 0
31 8 12968.7 -69.1685 0
31 9 12394.7 -62.3415 0
32 0 4987.28 -10.0879 0
32 1 4859.7 -9.17608 0
32 2 7046.35 -23.5749 0
32 3 9642.99 -40.1617 0
32 4 11705.5 -55.7433 0
32 5 12844.8 -67.5342 0
32 6 12895.8 -68.1935 0
32 7 11849.3 -57.0267 0
32 8 9853.82 -41.5969 0
32 9 7276.33 -25.0136 0
33 0 4437.93 -6.04314 0
33 1 1262.29 49.0534 247
33 2 4382.23 -5.61349 0
33 3 8109.49 -30.2284 0
33 4 11109.2 -50.785 0
33 5 13045.3 -70.242 0
33 6 13722.7 -86.7329 0
33 7 13071.2 -70.6184 0
33 8 11151.7 -51.1221 0
33 9 8160.55 -30.5498 0
34 0 9592.78 -39.8232 0
34 1 9477.64 -39.0515 0
34 2 9468.49 -38.9905 0
34 3 9567.83 -39.6555 0
34 4 9735.13 -40.7861 0
34 5 9906.08 -41.9564 0
34 6 10017.7 -42.7297 0
34 7 10029.1 -42.8087 0
34 8 9934.59 -42.1531 0
34 9 9768.09 -41.0105 0
35 0 12855.9 -67.6756 0
35 1 12604.1 -64.6373 0
35 2 11312 -52.4135 0
35 3 9185.27 -37.1175 0
35 4 6692.15 -21.349 0
35 5 4930.36 -9.6829 0
35 6 5541.75 -13.9048 0
35 7 7847.19 -28.5821 0
35 8 10254.6 -44.396 0
35 9 12031.9 -58.7196 0
36 0 12525.5 -63.7544 0
36 1 12500.4 -63.4784 0
36 2 11496.7 -53.9454 0
36 3 9686.07 -40.4531 0
36 4 7476.44 -26.2639 0
36 5 5734.23 -15.1857 0
36 6 5789.16 -15.5479 0
36 7 7587.73 -26.9591 0
36 8 9793.04 -41.1808 0
36 9 11569 -54.5594 0
37 0 11078.9 -50.546 0
37 1 8040.22 -29.7929 0
37 2 4261.6 -4.66809 0
37 3 1031 74.8264 258
37 4 4454.48 -6.17001 0
37 5 8201.7 -30.8091 0
37 6 11193.3 -51.4541 0
37 7 13108.2 -71.1677 0
37 8 13748.8 -90 0
37 9 13048.6 -70.2897 0
38 0 5046.73 -10.5079 0
38 1 2464.64 14.1319 0
38 2 4549.01 -6.88798 0
38 3 7981.77 -29.4258 0
38 4 10891.2 -49.0889 0
38 5 12825.3 -67.2862 0
38 6 13561.3 -79.9896 0
38 7 13016.9 -69.8379 0
38 8 11246.7 -51.8835 0
38 9 8454.01 -32.4053 0
39 0 8150.25 -30.4849 0
39 1 6145.86 -17.8695 0
39 2 5571.27 -14.1025 0
39 3 6984.55 -23.1875 0
39 4 9174.85 -37.0492 0
39 5 11122.4 -50.8891 0
39 6 12343.3 -61.8044 0
39 7 12617.2 -64.7868 0
39 8 11896.1 -57.4535 0
39 9 10298.6 -44.7103 0
40 0 9600.68 -39.8764 0
40 1 6252.49 -18.5548 0
40 2 2726.1 10.4668 0
40 3 3047.29 6.58983 0
40 4 6625.1 -20.9256 0
40 5 9899.22 -41.9091 0
40 6 12289 -61.2456 0
40 7 13519.2 -78.8785 0
40 8 13454.4 -77.3576 0
40 9 12099.4 -59.3654 0
41 0 10258 -44.4204 0
41 1 12583 -64.3974 0
41 2 13684.7 -84.3678 0
41 3 13451.2 -77.2872 0
41 4 11908.5 -57.5671 0
41 5 9215.41 -37.3153 0
41 6 5650.82 -14.633 0
41 7 1730.75 29.163 478
41 8 3035.99 6.71703 0
41 9 6947.68 -22.9563 0
42 0 6581.48 -20.6497 0
42 1 8259.15 -31.1716 0
42 2 10167.3 -43.778 0
42 3 11632.5 -55.1061 0
42 4 12321.6 -61.5798 0
42 5 12110.8 -59.4759 0
42 6 11039.3 -50.2355 0
42 7 9316.85 -37.9836 0
42 8 7404.83 -25.8165 0
42 9 6181.16 -18.0968 0
43 0 12632.8 -64.9663 0
43 1 10672.7 -47.4387 0
43 2 7807.39 -28.3329 0
43 3 4580.23 -7.1227 0
43 4 3041.03 6.66021 0
43 5 5493.73 -13.5822 0
43 6 8705.89 -34.0118 0
43 7 11346.4 -52.6955 0
43 8 12991.8 -69.4864 0
43 9 13437.3 -76.984 0
44 0 11905.3 -57.5377 0
44 1 13283.2 -74.0039 0
44 2 13416.2 -76.538 0
44 3 12288.3 -61.2386 0
44 4 10030.6 -42.8196 0
44 5 6936.51 -22.8862 0
44 6 3671.12 0.324428 0
44 7 3145.41 5.51008 0
44 8 6228.63 -18.4017 0
44 9 9442.57 -38.8177 0
45 0 12920.9 -68.5242 0
45 1 10898.8 -49.1473 0
45 2 7839.35 -28.533 0
45 3 4109.1 -3.44112 0
45 4 1449.48 39.0717 184
45 5 4762.48 -8.47101 0
45 6 8412.51 -32.142 0
45 7 11317.6 -52.4595 0
45 8 13142.7 -71.6924 0
45 9 13695.5 -84.9275 0
46 0 7328.35 -25.3386 0
46 1 8235.29 -31.021 0
46 2 9610.02 -39.9393 0
46 3 10857.6 -48.8317 0
46 4 11604.1 -54.8606 0
46 5 11675.3 -55.4785 0
46 6 11057.5 -50.3777 0
46 7 9890.78 -41.851 0
46 8 8501.72 -32.7085 0
46 9 7443.89 -26.0605 0
47 0 12277.7 -61.1302 0
47 1 9847.95 -41.5566 0
47 2 6512.84 -20.2147 0
47 3 2812.71 9.363 0
47 4 2575.12 12.516 0
47 5 6244.81 -18.5055 0
47 6 9626.96 -40.0535 0
47 7 12134.9 -59.71 0
47 8 13485.2 -78.0556 0
47 9 13534 -79.2569 0
48 0 8580.59 -33.2108 0
48 1 8346.85 -31.726 0
48 2 8684.61 -33.8756 0
48 3 9415.87 -38.6399 0
48 4 10212.9 -44.1 0
48 5 10789.4 -48.3141 0
48 6 10972.7 -49.717 0
48 7 10711 -47.7247 0
48 8 10075 -43.1293 0
48 9 9262.42 -37.6245 0
49 0 12495.3 -63.4222 0
49 1 10138.8 -43.5769 0
49 2 6813.03 -22.1105 0
49 3 2925.39 7.99441 0
49 4 1915.37 24.3775 35
49 5 5791.95 -15.5662 0
49 6 9316.87 -37.9837 0
49 7 11966.1 -58.101 0
49 8 13458.5 -77.448 0
49 9 13640.6 -82.5069 0
