Average delivery time per traffic flow [ms]
13.031071 13.030376 13.030023 13.030049 13.029958 13.034696 13.030321 13.154892 13.034643 13.030014 12.075337 12.079159 12.141445 12.132093 12.074627 12.079913 12.141681 12.079485 12.071845 12.142520 9.169590 9.103787 9.105168 9.110032 9.111390 9.108800 9.110862 9.107587 9.107095 9.108800 8.282267 8.272042 8.274087 8.282267 8.334517 8.267952 8.276132 8.328058 8.334542 8.280222 7.407358 7.457565 7.403240 7.415508 7.411418 7.395104 7.399150 7.390973 7.461655 7.453475 
Average delivery time [ms]
9.994496
Jitter per traffic flow [ms]
0.027470 0.013892 0.014574 0.014622 0.014309 0.005279 0.013883 0.254465 0.005279 0.014215 0.013976 0.004413 0.128116 0.137290 0.013787 0.004199 0.127483 0.004417 0.026208 0.127701 0.122491 0.002648 0.016436 0.007661 0.004402 0.003485 0.008413 0.008420 0.003453 0.006753 0.016662 0.004426 0.024819 0.008459 0.104582 0.004426 0.028739 0.099807 0.104026 0.028739 0.000060 0.000037 0.000032 0.000030 0.000030 0.000076 0.000032 0.000035 0.000037 0.000037 
Average jitter [ms]
0.031497
Aggregated throughput per satellite channel [Mbps]
10.311471 10.311427 10.311477 10.311462 10.311466 10.311483 10.311475 10.311484 10.311402 10.311426 
Average aggregated throughput [Mbps]
10.311457
Cell occupancy per satellite per carrier
100 100 100 100 100 100 100 100 100 100 
100 100 100 100 100 100 100 100 100 100 
100 100 100 100 100 100 100 100 100 100 
100 100 100 100 100 100 100 100 100 100 
100 100 100 100 100 100 100 100 100 100 
Cell occupancy per satellite
500 500 500 500 500 500 500 500 500 500 
Number of handovers
0