0 1083.87 4757.79 4094.43
1 1609.42 -5859.53 -1933.12
2 -4495.09 -1623.7 -4214.98
3 -5770.47 -2103.53 1731.93
4 5101.83 -2366.95 3009.44
5 -2893.82 3123.13 4737.71
6 -58.6866 -5988.22 -2191.82
7 1918.85 -5975.25 -1161.17
8 3782.93 -3239.21 -3973.01
9 -2120.94 4652.8 -3801.55
10 6318.11 567.044 -693.626
11 4242.44 -3704.63 -2988.59
12 -1501.14 5847.61 -2062.18
13 3311.02 -3173.21 4425.45
14 6340.28 -500.382 -531.27
15 5602.96 -1075.36 -2853.72
16 5102.48 -24.0005 3814.78
17 -1036.86 -4634.29 -4252
18 1348.54 4094.97 4691
19 1478.64 -5433.87 2994.82
20 1928.83 4387.23 4196.66
21 691.113 -6165.78 -1498.37
22 1897.4 5386.9 2831.43
23 -5875.96 -2484.1 196.478
24 -3470.33 4707.81 -2550.52
25 -4237.74 3130.45 3586.78
26 4761.64 3354.92 -2591.25
27 2401.16 5289.76 -2634.88
28 3747.07 -191.818 5140.8
29 4036.79 832.564 -4854.04
30 5381.96 -3412.66 -288.303
31 -4725.23 -4004.52 -1520.6
32 -1733.57 -3893.2 4729.53
33 -3793.39 -715.02 5062.69
34 -324.172 -6371.74 196.828
35 855.631 -4115.95 -4781.14
36 1330.3 -4603.65 -4201.67
37 -6072.52 227.817 -1943.57
38 -3812.65 2049.43 4673.62
39 -3954.64 -4632.5 1899.94
40 -6188.15 1562.45 134.465
41 6351.57 52.9348 -639.121
42 1698.48 5038.06 3513.48
43 -3803.45 2553.84 -4430.89
44 5060.47 -2277.93 -3137.54
45 -3921.63 903.326 -4936.03
46 690.198 -5684.77 2800.68
47 -4935.05 1217.51 -3841.94
48 -942.59 6141.57 1435.27
49 -4763.6 -415.463 -4208.15
