0 -66.1963 4.50861e-13 7363.12
1 -1598.43 4.40174e-13 7188.16
2 -3060.84 4.10248e-13 6698.42
3 -4389.47 3.62362e-13 5915.22
4 -5526.15 2.98577e-13 4872.74
5 -6421.05 2.21659e-13 3616.55
6 -7034.9 1.34968e-13 2201.69
7 -7340.77 4.23185e-14 690.201
8 -7325.37 -5.22013e-14 -851.569
9 -6989.56 -1.44417e-13 -2356.01
10 -6348.35 -2.3027e-13 -3757.28
11 -5430.13 -3.06005e-13 -4994.21
12 -4275.29 -3.68339e-13 -6013.03
13 -2934.43 -4.14595e-13 -6769.58
14 -1466.02 -4.42805e-13 -7231.22
15 66.0623 -4.51776e-13 -7378.07
16 1595.27 -4.41132e-13 -7203.8
17 3055.2 -4.1132e-13 -6715.93
18 4382.32 -3.636e-13 -5935.44
19 5518.73 -3.00005e-13 -4896.06
20 6414.64 -2.23268e-13 -3642.82
21 7030.6 -1.36718e-13 -2230.23
22 7339.35 -4.41428e-14 -719.959
23 7327.05 5.03804e-14 821.867
24 6994.07 1.42678e-13 2327.63
25 6354.9 2.28676e-13 3731.25
26 5437.58 3.04594e-13 4971.16
27 4282.36 3.67117e-13 5993.06
28 2939.89 4.13536e-13 6752.27
29 1468.93 4.41854e-13 7215.69
30 -66.1862 -1.15528 7363.12
31 -1598.19 -27.8965 7188.16
32 -3060.37 -53.419 6698.42
33 -4388.8 -76.6068 5915.22
34 -5525.31 -96.4447 4872.74
35 -6420.08 -112.063 3616.55
36 -7033.83 -122.776 2201.69
37 -7339.65 -128.114 690.201
38 -7324.25 -127.845 -851.569
39 -6988.49 -121.985 -2356.01
40 -6347.39 -110.794 -3757.28
41 -5429.3 -94.7688 -4994.21
42 -4274.64 -74.6141 -6013.03
43 -2933.98 -51.2128 -6769.58
44 -1465.79 -25.5855 -7231.22
45 66.0522 1.15295 -7378.07
46 1595.03 27.8414 -7203.8
47 3054.73 53.3205 -6715.93
48 4381.65 76.482 -5935.44
49 5517.89 96.3151 -4896.06
50 6413.66 111.951 -3642.82
51 7029.53 122.701 -2230.23
52 7338.23 128.089 -719.959
53 7325.94 127.875 821.867
54 6993 122.063 2327.63
55 6353.93 110.908 3731.25
56 5436.75 94.8989 4971.16
57 4281.71 74.7375 5993.06
58 2939.44 51.3081 6752.27
59 1468.71 25.6364 7215.69
60 -66.1056 -3.46445 7363.12
61 -1596.24 -83.6555 7188.16
62 -3056.64 -160.192 6698.42
63 -4383.45 -229.727 5915.22
64 -5518.58 -289.217 4872.74
65 -6412.25 -336.052 3616.55
66 -7025.26 -368.178 2201.69
67 -7330.71 -384.186 690.201
68 -7315.33 -383.38 -851.569
69 -6979.98 -365.805 -2356.01
70 -6339.65 -332.247 -3757.28
71 -5422.69 -284.191 -4994.21
72 -4269.43 -223.752 -6013.03
73 -2930.4 -153.576 -6769.58
74 -1464.01 -76.7254 -7231.22
75 65.9718 3.45743 -7378.07
76 1593.09 83.4901 -7203.8
77 3051.01 159.897 -6715.93
78 4376.31 229.353 -5935.44
79 5511.17 288.828 -4896.06
80 6405.85 335.716 -3642.82
81 7020.97 367.953 -2230.23
82 7329.29 384.112 -719.959
83 7317.01 383.468 821.867
84 6984.48 366.041 2327.63
85 6346.19 332.59 3731.25
86 5430.13 284.581 4971.16
87 4276.49 224.121 5993.06
88 2935.86 153.862 6752.27
89 1466.92 76.8779 7215.69
90 -65.9444 -5.76939 7363.12
91 -1592.35 -139.313 7188.16
92 -3049.19 -266.769 6698.42
93 -4372.76 -382.567 5915.22
94 -5505.12 -481.636 4872.74
95 -6396.62 -559.632 3616.55
96 -7008.13 -613.132 2201.69
97 -7312.84 -639.79 690.201
98 -7297.49 -638.448 -851.569
99 -6962.96 -609.18 -2356.01
100 -6324.19 -553.295 -3757.28
101 -5409.46 -473.267 -4994.21
102 -4259.02 -372.616 -6013.03
103 -2923.26 -255.752 -6769.58
104 -1460.44 -127.772 -7231.22
105 65.8109 5.75771 -7378.07
106 1589.2 139.037 -7203.8
107 3043.57 266.278 -6715.93
108 4365.64 381.944 -5935.44
109 5497.73 480.989 -4896.06
110 6390.23 559.073 -3642.82
111 7003.85 612.758 -2230.23
112 7311.42 639.666 -719.959
113 7299.17 638.595 821.867
114 6967.45 609.573 2327.63
115 6330.72 553.866 3731.25
116 5416.89 473.916 4971.16
117 4266.06 373.232 5993.06
118 2928.7 256.228 6752.27
119 1463.34 128.026 7215.69
120 -65.7029 -8.0673 7363.12
121 -1586.52 -194.8 7188.16
122 -3038.02 -373.022 6698.42
123 -4356.75 -534.942 5915.22
124 -5484.96 -673.469 4872.74
125 -6373.19 -782.53 3616.55
126 -6982.46 -857.338 2201.69
127 -7286.06 -894.615 690.201
128 -7270.76 -892.737 -851.569
129 -6937.46 -851.813 -2356.01
130 -6301.03 -773.67 -3757.28
131 -5389.65 -661.766 -4994.21
132 -4243.43 -521.027 -6013.03
133 -2912.55 -357.616 -6769.58
134 -1455.09 -178.663 -7231.22
135 65.5699 8.05097 -7378.07
136 1583.38 194.415 -7203.8
137 3032.42 372.335 -6715.93
138 4349.65 534.07 -5935.44
139 5477.59 672.564 -4896.06
140 6366.82 781.748 -3642.82
141 6978.2 856.815 -2230.23
142 7284.64 894.441 -719.959
143 7272.44 892.943 821.867
144 6941.94 852.362 2327.63
145 6307.53 774.468 3731.25
146 5397.05 662.674 4971.16
147 4250.44 521.888 5993.06
148 2917.97 358.282 6752.27
149 1457.98 179.018 7215.69
150 -65.3813 -10.3554 7363.12
151 -1578.75 -250.05 7188.16
152 -3023.15 -478.82 6698.42
153 -4335.43 -686.664 5915.22
154 -5458.12 -864.481 4872.74
155 -6342 -1004.47 3616.55
156 -6948.29 -1100.5 2201.69
157 -7250.4 -1148.35 690.201
158 -7235.18 -1145.94 -851.569
159 -6903.5 -1093.41 -2356.01
160 -6270.19 -993.101 -3757.28
161 -5363.27 -849.459 -4994.21
162 -4222.66 -668.803 -6013.03
163 -2898.3 -459.045 -6769.58
164 -1447.97 -229.336 -7231.22
165 65.249 10.3344 -7378.07
166 1575.63 249.556 -7203.8
167 3017.58 477.938 -6715.93
168 4328.36 685.546 -5935.44
169 5450.78 863.319 -4896.06
170 6335.66 1003.47 -3642.82
171 6944.05 1099.83 -2230.23
172 7248.99 1148.13 -719.959
173 7236.85 1146.2 821.867
174 6907.96 1094.11 2327.63
175 6276.66 994.125 3731.25
176 5370.63 850.625 4971.16
177 4229.64 669.909 5993.06
178 2903.69 459.9 6752.27
179 1450.85 229.791 7215.69
180 -65.1906 -11.4949 7363.12
181 -1574.15 -277.565 7188.16
182 -3014.34 -531.509 6698.42
183 -4322.78 -762.223 5915.22
184 -5442.2 -959.606 4872.74
185 -6323.5 -1115 3616.55
186 -6928.02 -1221.6 2201.69
187 -7229.25 -1274.71 690.201
188 -7214.08 -1272.04 -851.569
189 -6883.37 -1213.72 -2356.01
190 -6251.91 -1102.38 -3757.28
191 -5347.63 -942.932 -4994.21
192 -4210.34 -742.397 -6013.03
193 -2889.84 -509.558 -6769.58
194 -1443.74 -254.571 -7231.22
195 65.0587 11.4716 -7378.07
196 1571.04 277.016 -7203.8
197 3008.78 530.529 -6715.93
198 4315.74 760.981 -5935.44
199 5434.89 958.317 -4896.06
200 6317.19 1113.89 -3642.82
201 6923.79 1220.85 -2230.23
202 7227.85 1274.46 -719.959
203 7215.74 1272.33 821.867
204 6887.81 1214.51 2327.63
205 6258.36 1103.52 3731.25
206 5354.97 944.226 4971.16
207 4217.3 743.624 5993.06
208 2895.22 510.506 6752.27
209 1446.61 255.077 7215.69
210 -64.7497 -13.763 7363.12
211 -1563.5 -332.333 7188.16
212 -2993.95 -636.384 6698.42
213 -4293.55 -912.622 5915.22
214 -5405.39 -1148.95 4872.74
215 -6280.74 -1335.01 3616.55
216 -6881.17 -1462.64 2201.69
217 -7180.36 -1526.23 690.201
218 -7165.29 -1523.03 -851.569
219 -6836.82 -1453.21 -2356.01
220 -6209.63 -1319.9 -3757.28
221 -5311.47 -1128.99 -4994.21
222 -4181.87 -888.883 -6013.03
223 -2870.3 -610.101 -6769.58
224 -1433.98 -304.802 -7231.22
225 64.6187 13.7351 -7378.07
226 1560.41 331.676 -7203.8
227 2988.43 635.211 -6715.93
228 4286.55 911.135 -5935.44
229 5398.13 1147.41 -4896.06
230 6274.46 1333.68 -3642.82
231 6876.97 1461.74 -2230.23
232 7178.96 1525.94 -719.959
233 7166.94 1523.38 821.867
234 6841.23 1454.15 2327.63
235 6216.03 1321.26 3731.25
236 5318.76 1130.54 4971.16
237 4188.78 890.353 5993.06
238 2875.64 611.237 6752.27
239 1436.83 305.408 7215.69
240 -64.23 -16.0143 7363.12
241 -1550.95 -386.696 7188.16
242 -2969.92 -740.483 6698.42
243 -4259.08 -1061.91 5915.22
244 -5362 -1336.9 4872.74
245 -6230.32 -1553.39 3616.55
246 -6825.93 -1701.9 2201.69
247 -7122.72 -1775.89 690.201
248 -7107.77 -1772.17 -851.569
249 -6781.94 -1690.93 -2356.01
250 -6159.78 -1535.81 -3757.28
251 -5268.83 -1313.67 -4994.21
252 -4148.3 -1034.29 -6013.03
253 -2847.26 -709.902 -6769.58
254 -1422.47 -354.662 -7231.22
255 64.1 15.9819 -7378.07
256 1547.89 385.931 -7203.8
257 2964.44 739.119 -6715.93
258 4252.14 1060.18 -5935.44
259 5354.8 1335.1 -4896.06
260 6224.1 1551.84 -3642.82
261 6821.76 1700.86 -2230.23
262 7121.34 1775.55 -719.959
263 7109.41 1772.57 821.867
264 6786.31 1692.02 2327.63
265 6166.13 1537.39 3731.25
266 5276.06 1315.47 4971.16
267 4155.15 1036 5993.06
268 2852.56 711.223 6752.27
269 1425.3 355.367 7215.69
270 -187.374 -53.7286 7360.85
271 -1657.1 -475.165 7159.17
272 -3054.42 -875.841 6643.97
273 -4318.25 -1238.24 5837.69
274 -5393.24 -1546.49 4775.52
275 -6232.24 -1787.07 3503.89
276 -6798.45 -1949.42 2078.52
277 -7067.04 -2026.44 561.945
278 -7026.35 -2014.77 -979.294
279 -6678.35 -1914.99 -2477.61
280 -6038.58 -1731.54 -3867.43
281 -5135.34 -1472.54 -5088.12
282 -4008.36 -1149.38 -6086.62
283 -2706.99 -776.216 -6819.68
284 -1287.96 -369.318 -7255.66
285 186.995 53.6199 -7375.8
286 1653.83 474.229 -7174.92
287 3048.84 874.24 -6661.68
288 4311.31 1236.25 -5858.17
289 5386.13 1544.45 -4799.1
290 6226.21 1785.34 -3530.38
291 6794.53 1948.3 -2107.21
292 7065.92 2026.12 -591.748
293 7028.21 2015.31 949.655
294 6682.88 1916.29 2449.39
295 6044.99 1733.37 3841.63
296 5142.52 1474.59 5065.33
297 4015.07 1151.3 6066.9
298 2712.06 777.671 6802.56
299 1290.53 370.054 7240.23
300 -185.385 -60.2352 7360.85
301 -1639.5 -532.707 7159.17
302 -3021.99 -981.906 6643.97
303 -4272.4 -1388.19 5837.69
304 -5335.98 -1733.76 4775.52
305 -6166.08 -2003.48 3503.89
306 -6726.28 -2185.5 2078.52
307 -6992.02 -2271.84 561.945
308 -6951.75 -2258.76 -979.294
309 -6607.45 -2146.89 -2477.61
310 -5974.47 -1941.22 -3867.43
311 -5080.82 -1650.86 -5088.12
312 -3965.81 -1288.57 -6086.62
313 -2678.25 -870.216 -6819.68
314 -1274.29 -414.042 -7255.66
315 185.01 60.1133 -7375.8
316 1636.28 531.658 -7174.92
317 3016.47 980.111 -6661.68
318 4265.54 1385.96 -5858.17
319 5328.95 1731.48 -4799.1
320 6160.11 2001.54 -3530.38
321 6722.4 2184.24 -2107.21
322 6990.91 2271.48 -591.748
323 6953.6 2259.36 949.655
324 6611.93 2148.35 2449.39
325 5980.82 1943.29 3841.63
326 5087.93 1653.17 5065.33
327 3972.44 1290.73 6066.9
328 2683.27 871.847 6802.56
329 1276.83 414.868 7240.23
330 -184.305 -63.4614 7360.85
331 -1629.96 -561.239 7159.17
332 -3004.4 -1034.5 6643.97
333 -4247.53 -1462.54 5837.69
334 -5304.91 -1826.63 4775.52
335 -6130.17 -2110.79 3503.89
336 -6687.11 -2302.56 2078.52
337 -6951.3 -2393.53 561.945
338 -6911.27 -2379.74 -979.294
339 -6568.97 -2261.88 -2477.61
340 -5939.68 -2045.2 -3867.43
341 -5051.24 -1739.28 -5088.12
342 -3942.72 -1357.59 -6086.62
343 -2662.65 -916.825 -6819.68
344 -1266.87 -436.218 -7255.66
345 183.932 63.333 -7375.8
346 1626.75 560.134 -7174.92
347 2998.91 1032.61 -6661.68
348 4240.7 1460.19 -5858.17
349 5297.92 1824.22 -4799.1
350 6124.24 2108.74 -3530.38
351 6683.26 2301.23 -2107.21
352 6950.2 2393.15 -591.748
353 6913.11 2380.37 949.655
354 6573.43 2263.41 2449.39
355 5945.99 2047.37 3841.63
356 5058.3 1741.71 5065.33
357 3949.31 1359.86 6066.9
358 2667.64 918.544 6802.56
359 1269.4 437.088 7240.23
360 -181.978 -69.8549 7360.85
361 -1609.38 -617.782 7159.17
362 -2966.46 -1138.72 6643.97
363 -4193.9 -1609.89 5837.69
364 -5237.93 -2010.65 4775.52
365 -6052.77 -2323.44 3503.89
366 -6602.68 -2534.53 2078.52
367 -6863.54 -2634.66 561.945
368 -6824.01 -2619.49 -979.294
369 -6486.03 -2489.76 -2477.61
370 -5864.69 -2251.24 -3867.43
371 -4987.46 -1914.51 -5088.12
372 -3892.94 -1494.36 -6086.62
373 -2629.03 -1009.19 -6819.68
374 -1250.87 -480.166 -7255.66
375 181.61 69.7136 -7375.8
376 1606.21 616.566 -7174.92
377 2961.04 1136.64 -6661.68
378 4187.15 1607.3 -5858.17
379 5231.03 2008 -4799.1
380 6046.91 2321.19 -3530.38
381 6598.87 2533.07 -2107.21
382 6862.44 2634.25 -591.748
383 6825.82 2620.19 949.655
384 6490.44 2491.45 2449.39
385 5870.92 2253.63 3841.63
386 4994.43 1917.18 5065.33
387 3899.45 1496.86 6066.9
388 2633.96 1011.08 6802.56
389 1253.37 481.123 7240.23
390 -179.43 -76.1633 7360.85
391 -1586.84 -673.572 7159.17
392 -2924.92 -1241.55 6643.97
393 -4135.16 -1755.27 5837.69
394 -5164.57 -2192.23 4775.52
395 -5968 -2533.27 3503.89
396 -6510.2 -2763.42 2078.52
397 -6767.41 -2872.59 561.945
398 -6728.43 -2856.05 -979.294
399 -6395.19 -2714.6 -2477.61
400 -5782.55 -2454.55 -3867.43
401 -4917.61 -2087.4 -5088.12
402 -3838.41 -1629.31 -6086.62
403 -2592.21 -1100.33 -6819.68
404 -1233.35 -523.528 -7255.66
405 179.066 76.0092 -7375.8
406 1583.71 672.246 -7174.92
407 2919.57 1239.28 -6661.68
408 4128.51 1752.45 -5858.17
409 5157.77 2189.34 -4799.1
410 5962.22 2530.81 -3530.38
411 6506.45 2761.82 -2107.21
412 6766.33 2872.14 -591.748
413 6730.22 2856.81 949.655
414 6399.53 2716.44 2449.39
415 5788.69 2457.15 3841.63
416 4924.48 2090.32 5065.33
417 3844.83 1632.03 6066.9
418 2597.07 1102.39 6802.56
419 1235.81 524.572 7240.23
420 -176.662 -82.3789 7360.85
421 -1562.36 -728.541 7159.17
422 -2879.8 -1342.88 6643.97
423 -4071.38 -1898.52 5837.69
424 -5084.91 -2371.13 4775.52
425 -5875.95 -2740 3503.89
426 -6409.79 -2988.94 2078.52
427 -6663.03 -3107.02 561.945
428 -6624.66 -3089.13 -979.294
429 -6296.56 -2936.13 -2477.61
430 -5693.36 -2654.86 -3867.43
431 -4841.76 -2257.75 -5088.12
432 -3779.21 -1762.28 -6086.62
433 -2552.23 -1190.13 -6819.68
434 -1214.33 -566.253 -7255.66
435 176.305 82.2122 -7375.8
436 1559.29 727.107 -7174.92
437 2874.54 1340.42 -6661.68
438 4064.84 1895.46 -5858.17
439 5078.22 2368.01 -4799.1
440 5870.27 2737.35 -3530.38
441 6406.1 2987.21 -2107.21
442 6661.97 3106.53 -591.748
443 6626.42 3089.95 949.655
444 6300.83 2938.13 2449.39
445 5699.41 2657.68 3841.63
446 4848.53 2260.91 5065.33
447 3785.53 1765.22 6066.9
448 2557.02 1192.36 6802.56
449 1216.75 567.382 7240.23
450 -173.68 -88.4942 7360.85
451 -1535.98 -782.623 7159.17
452 -2831.18 -1442.56 6643.97
453 -4002.64 -2039.45 5837.69
454 -4999.06 -2547.15 4775.52
455 -5776.75 -2943.4 3503.89
456 -6301.58 -3210.81 2078.52
457 -6550.54 -3337.67 561.945
458 -6512.82 -3318.45 -979.294
459 -6190.25 -3154.09 -2477.61
460 -5597.24 -2851.94 -3867.43
461 -4760.02 -2425.35 -5088.12
462 -3715.41 -1893.09 -6086.62
463 -2509.14 -1278.47 -6819.68
464 -1193.83 -608.287 -7255.66
465 173.328 88.3151 -7375.8
466 1532.96 781.083 -7174.92
467 2826.01 1439.92 -6661.68
468 3996.21 2036.17 -5858.17
469 4992.48 2543.8 -4799.1
470 5771.16 2940.55 -3530.38
471 6297.94 3208.96 -2107.21
472 6549.5 3337.14 -591.748
473 6514.55 3319.33 949.655
474 6194.45 3156.23 2449.39
475 5603.19 2854.97 3841.63
476 4766.67 2428.74 5065.33
477 3721.62 1896.26 6066.9
478 2513.85 1280.87 6802.56
479 1196.21 609.501 7240.23
480 -172.109 -91.5118 7360.85
481 -1522.09 -809.311 7159.17
482 -2805.58 -1491.75 6643.97
483 -3966.44 -2108.99 5837.69
484 -4953.85 -2634.01 4775.52
485 -5724.5 -3043.77 3503.89
486 -6244.58 -3320.3 2078.52
487 -6491.29 -3451.48 561.945
488 -6453.91 -3431.6 -979.294
489 -6134.26 -3261.65 -2477.61
490 -5546.62 -2949.19 -3867.43
491 -4716.96 -2508.05 -5088.12
492 -3681.8 -1957.65 -6086.62
493 -2486.45 -1322.07 -6819.68
494 -1183.03 -629.03 -7255.66
495 171.76 91.3266 -7375.8
496 1519.1 807.718 -7174.92
497 2800.45 1489.03 -6661.68
498 3960.06 2105.6 -5858.17
499 4947.32 2630.54 -4799.1
500 5718.96 3040.82 -3530.38
501 6240.98 3318.39 -2107.21
502 6490.26 3450.93 -591.748
503 6455.62 3432.52 949.655
504 6138.43 3263.86 2449.39
505 5552.51 2952.32 3841.63
506 4723.56 2511.56 5065.33
507 3687.96 1960.92 6066.9
508 2491.11 1324.55 6802.56
509 1185.39 630.284 7240.23
510 -280.241 -161.797 7356.32
511 -1601.1 -924.397 7127.99
512 -2852.01 -1646.61 6587.49
513 -3978.27 -2296.85 5758.38
514 -4930.54 -2846.65 4676.84
515 -5667.07 -3271.88 3390.16
516 -6155.53 -3553.9 1954.73
517 -6374.53 -3680.33 433.516
518 -6314.55 -3645.71 -1106.72
519 -5978.43 -3451.65 -2598.45
520 -5381.14 -3106.8 -3976.4
521 -4549.09 -2626.42 -5180.49
522 -3518.87 -2031.62 -6158.36
523 -2335.56 -1348.44 -6867.7
524 -1050.76 -606.657 -7277.9
525 279.674 161.47 -7371.29
526 1597.97 922.586 -7143.87
527 2846.84 1643.63 -6605.41
528 3971.96 2293.21 -5779.11
529 4924.18 2842.98 -4700.67
530 5661.76 3268.82 -3416.86
531 6152.19 3551.97 -1983.55
532 6373.74 3679.88 -463.356
533 6316.45 3646.8 1077.15
534 5982.68 3454.1 2570.39
535 5387.01 3110.19 3950.84
536 4555.57 2630.16 5157.95
537 3524.83 2035.06 6138.88
538 2339.97 1350.98 6850.76
539 1052.86 607.87 7262.55
540 -274.424 -171.479 7356.32
541 -1567.87 -979.712 7127.99
542 -2792.81 -1745.14 6587.49
543 -3895.68 -2434.29 5758.38
544 -4828.19 -3016.99 4676.84
545 -5549.43 -3467.67 3390.16
546 -6027.75 -3766.56 1954.73
547 -6242.2 -3900.56 433.516
548 -6183.47 -3863.86 -1106.72
549 -5854.32 -3658.19 -2598.45
550 -5269.43 -3292.71 -3976.4
551 -4454.66 -2783.58 -5180.49
552 -3445.82 -2153.19 -6158.36
553 -2287.08 -1429.13 -6867.7
554 -1028.95 -642.958 -7277.9
555 273.869 171.132 -7371.29
556 1564.79 977.792 -7143.87
557 2787.75 1741.98 -6605.41
558 3889.51 2430.43 -5779.11
559 4821.96 3013.1 -4700.67
560 5544.23 3464.42 -3416.86
561 6024.48 3764.52 -1983.55
562 6241.43 3900.08 -463.356
563 6185.33 3865.02 1077.15
564 5858.49 3660.79 2570.39
565 5275.19 3296.3 3950.84
566 4461 2787.54 5157.95
567 3451.66 2156.83 6138.88
568 2291.4 1431.82 6850.76
569 1031.01 644.244 7262.55
570 -268.272 -180.952 7356.32
571 -1532.72 -1033.83 7127.99
572 -2730.2 -1841.55 6587.49
573 -3808.36 -2568.77 5758.38
574 -4719.96 -3183.65 4676.84
575 -5425.03 -3659.23 3390.16
576 -5892.63 -3974.63 1954.73
577 -6102.27 -4116.03 433.516
578 -6044.86 -4077.31 -1106.72
579 -5723.09 -3860.27 -2598.45
580 -5151.31 -3474.6 -3976.4
581 -4354.8 -2937.35 -5180.49
582 -3368.58 -2272.13 -6158.36
583 -2235.81 -1508.07 -6867.7
584 -1005.88 -678.476 -7277.9
585 267.73 180.586 -7371.29
586 1529.72 1031.81 -7143.87
587 2725.26 1838.21 -6605.41
588 3802.32 2564.69 -5779.11
589 4713.87 3179.54 -4700.67
590 5419.95 3655.8 -3416.86
591 5889.43 3972.47 -1983.55
592 6101.52 4115.53 -463.356
593 6046.68 4078.53 1077.15
594 5727.16 3863.02 2570.39
595 5156.93 3478.4 3950.84
596 4361 2941.53 5157.95
597 3374.28 2275.98 6138.88
598 2240.03 1510.92 6850.76
599 1007.89 679.834 7262.55
600 -261.794 -190.204 7356.32
601 -1495.71 -1086.69 7127.99
602 -2664.27 -1935.71 6587.49
603 -3716.39 -2700.11 5758.38
604 -4605.97 -3346.44 4676.84
605 -5294.02 -3846.33 3390.16
606 -5750.33 -4177.86 1954.73
607 -5954.91 -4326.49 433.516
608 -5898.88 -4285.79 -1106.72
609 -5584.88 -4057.65 -2598.45
610 -5026.91 -3652.26 -3976.4
611 -4249.63 -3087.54 -5180.49
612 -3287.23 -2388.31 -6158.36
613 -2181.82 -1585.18 -6867.7
614 -981.591 -713.168 -7277.9
615 261.264 189.819 -7371.29
616 1492.77 1084.56 -7143.87
617 2659.44 1932.2 -6605.41
618 3710.49 2695.83 -5779.11
619 4600.03 3342.12 -4700.67
620 5289.06 3842.73 -3416.86
621 5747.21 4175.59 -1983.55
622 5954.17 4325.96 -463.356
623 5900.65 4287.08 1077.15
624 5588.86 4060.54 2570.39
625 5032.4 3656.25 3950.84
626 4255.68 3091.93 5157.95
627 3292.79 2392.36 6138.88
628 2185.94 1588.18 6850.76
629 983.555 714.594 7262.55
630 -258.434 -194.744 7356.32
631 -1476.51 -1112.63 7127.99
632 -2630.08 -1981.91 6587.49
633 -3668.7 -2764.56 5758.38
634 -4546.87 -3426.31 4676.84
635 -5226.08 -3938.14 3390.16
636 -5676.54 -4277.58 1954.73
637 -5878.49 -4429.76 433.516
638 -5823.18 -4388.08 -1106.72
639 -5513.21 -4154.5 -2598.45
640 -4962.4 -3739.44 -3976.4
641 -4195.1 -3161.24 -5180.49
642 -3245.05 -2445.32 -6158.36
643 -2153.82 -1623.02 -6867.7
644 -968.995 -730.19 -7277.9
645 257.912 194.35 -7371.29
646 1473.62 1110.45 -7143.87
647 2625.32 1978.32 -6605.41
648 3662.88 2760.18 -5779.11
649 4541 3421.89 -4700.67
650 5221.19 3934.45 -3416.86
651 5673.46 4275.26 -1983.55
652 5877.77 4429.21 -463.356
653 5824.93 4389.4 1077.15
654 5517.14 4157.46 2570.39
655 4967.82 3743.52 3950.84
656 4201.07 3165.74 5157.95
657 3250.54 2449.46 6138.88
658 2157.89 1626.08 6850.76
659 970.934 731.651 7262.55
660 -251.48 -203.645 7356.32
661 -1436.78 -1163.48 7127.99
662 -2559.31 -2072.49 6587.49
663 -3569.98 -2890.91 5758.38
664 -4424.52 -3582.91 4676.84
665 -5085.46 -4118.13 3390.16
666 -5523.79 -4473.08 1954.73
667 -5720.31 -4632.22 433.516
668 -5666.49 -4588.64 -1106.72
669 -5364.87 -4344.38 -2598.45
670 -4828.87 -3910.35 -3976.4
671 -4082.22 -3305.72 -5180.49
672 -3157.73 -2557.08 -6158.36
673 -2095.87 -1697.2 -6867.7
674 -942.921 -763.563 -7277.9
675 250.972 203.233 -7371.29
676 1433.97 1161.2 -7143.87
677 2554.68 2068.74 -6605.41
678 3564.32 2886.33 -5779.11
679 4418.82 3578.29 -4700.67
680 5080.7 4114.27 -3416.86
681 5520.8 4470.65 -1983.55
682 5719.61 4631.65 -463.356
683 5668.2 4590.02 1077.15
684 5368.69 4347.48 2570.39
685 4834.15 3914.62 3950.84
686 4088.03 3310.42 5157.95
687 3163.08 2561.41 6138.88
688 2099.82 1700.4 6850.76
689 944.808 765.09 7262.55
690 -244.22 -212.297 7356.32
691 -1395.3 -1212.92 7127.99
692 -2485.43 -2160.55 6587.49
693 -3466.91 -3013.74 5758.38
694 -4296.79 -3735.14 4676.84
695 -4938.64 -4293.1 3390.16
696 -5364.32 -4663.13 1954.73
697 -5555.17 -4829.03 433.516
698 -5502.9 -4783.6 -1106.72
699 -5209.98 -4528.97 -2598.45
700 -4689.46 -4076.49 -3976.4
701 -3964.36 -3446.17 -5180.49
702 -3066.57 -2665.72 -6158.36
703 -2035.36 -1769.31 -6867.7
704 -915.699 -796.005 -7277.9
705 243.726 211.868 -7371.29
706 1392.57 1210.54 -7143.87
707 2480.92 2156.63 -6605.41
708 3461.42 3008.96 -5779.11
709 4291.24 3730.32 -4700.67
710 4934.02 4289.08 -3416.86
711 5361.41 4660.6 -1983.55
712 5554.48 4828.44 -463.356
713 5504.56 4785.04 1077.15
714 5213.69 4532.19 2570.39
715 4694.58 4080.94 3950.84
716 3970.01 3451.08 5157.95
717 3071.76 2670.24 6138.88
718 2039.2 1772.65 6850.76
719 917.531 797.598 7262.55
720 -236.662 -220.691 7356.32
721 -1352.12 -1260.88 7127.99
722 -2408.51 -2245.97 6587.49
723 -3359.62 -3132.9 5758.38
724 -4163.81 -3882.82 4676.84
725 -4785.81 -4462.84 3390.16
726 -5198.31 -4847.5 1954.73
727 -5383.25 -5019.96 433.516
728 -5332.6 -4972.73 -1106.72
729 -5048.75 -4708.03 -2598.45
730 -4544.34 -4237.67 -3976.4
731 -3841.68 -3582.42 -5180.49
732 -2971.66 -2771.12 -6158.36
733 -1972.37 -1839.26 -6867.7
734 -887.361 -827.478 -7277.9
735 236.184 220.245 -7371.29
736 1349.47 1258.4 -7143.87
737 2404.14 2241.9 -6605.41
738 3354.3 3127.93 -5779.11
739 4158.44 3877.81 -4700.67
740 4781.32 4458.66 -3416.86
741 5195.49 4844.88 -1983.55
742 5382.59 5019.34 -463.356
743 5334.21 4974.23 1077.15
744 5052.34 4711.39 2570.39
745 4549.3 4242.29 3950.84
746 3847.15 3587.53 5157.95
747 2976.7 2775.81 6138.88
748 1976.09 1842.74 6850.76
749 889.136 829.133 7262.55
750 -319.729 -319.729 7349.55
751 -1395.23 -1395.23 7094.63
752 -2409.77 -2409.77 6529
753 -3318.98 -3318.98 5677.31
754 -4083.03 -4083.03 4576.72
755 -4668.42 -4668.42 3275.39
756 -5049.45 -5049.45 1830.33
757 -5209.43 -5209.43 304.955
758 -5141.45 -5141.45 -1233.81
759 -4848.63 -4848.63 -2718.49
760 -4344.03 -4344.03 -4084.17
761 -3649.93 -3649.93 -5271.27
762 -2796.85 -2796.85 -6228.24
763 -1822.11 -1822.11 -6913.64
764 -768.195 -768.195 -7297.93
765 319.083 319.083 -7364.55
766 1392.51 1392.51 -7110.64
767 2405.44 2405.44 -6547.13
768 3313.79 3313.79 -5698.29
769 4077.88 4077.88 -4600.81
770 4664.19 4664.19 -3302.3
771 5046.88 5046.88 -1859.29
772 5208.97 5208.97 -334.822
773 5143.17 5143.17 1204.32
774 4852.24 4852.24 2690.62
775 4348.9 4348.9 4058.84
776 3655.22 3655.22 5249
777 2801.64 2801.64 6208.99
778 1825.58 1825.58 6896.88
779 769.736 769.736 7282.66
780 -314.101 -325.261 7349.55
781 -1370.67 -1419.37 7094.63
782 -2367.35 -2451.46 6529
783 -3260.55 -3376.4 5677.31
784 -4011.15 -4153.67 4576.72
785 -4586.23 -4749.18 3275.39
786 -4960.55 -5136.8 1830.33
787 -5117.72 -5299.56 304.955
788 -5050.93 -5230.39 -1233.81
789 -4763.27 -4932.51 -2718.49
790 -4267.55 -4419.18 -4084.17
791 -3585.68 -3713.08 -5271.27
792 -2747.62 -2845.24 -6228.24
793 -1790.04 -1853.64 -6913.64
794 -754.671 -781.485 -7297.93
795 313.466 324.604 -7364.55
796 1367.99 1416.6 -7110.64
797 2363.09 2447.05 -6547.13
798 3255.45 3371.12 -5698.29
799 4006.09 4148.42 -4600.81
800 4582.08 4744.88 -3302.3
801 4958.03 5134.19 -1859.29
802 5117.27 5299.09 -334.822
803 5052.63 5232.15 1204.32
804 4766.82 4936.19 2690.62
805 4272.34 4424.14 4058.84
806 3590.87 3718.45 5249
807 2752.32 2850.11 6208.99
808 1793.44 1857.16 6896.88
809 756.185 783.052 7282.66
810 -302.558 -336.025 7349.55
811 -1320.3 -1466.34 7094.63
812 -2280.35 -2532.58 6529
813 -3140.73 -3488.13 5677.31
814 -3863.74 -4291.12 4576.72
815 -4417.69 -4906.34 3275.39
816 -4778.26 -5306.79 1830.33
817 -4929.65 -5474.93 304.955
818 -4865.32 -5403.48 -1233.81
819 -4588.23 -5095.74 -2718.49
820 -4110.72 -4565.42 -4084.17
821 -3453.91 -3835.95 -5271.27
822 -2646.64 -2939.4 -6228.24
823 -1724.25 -1914.98 -6913.64
824 -726.938 -807.346 -7297.93
825 301.947 335.346 -7364.55
826 1317.72 1463.48 -7110.64
827 2276.25 2528.03 -6547.13
828 3135.81 3482.68 -5698.29
829 3858.87 4285.71 -4600.81
830 4413.69 4901.9 -3302.3
831 4775.83 5304.1 -1859.29
832 4929.22 5474.45 -334.822
833 4866.95 5405.3 1204.32
834 4591.65 5099.54 2690.62
835 4115.33 4570.54 4058.84
836 3458.91 3841.51 5249
837 2651.18 2944.43 6208.99
838 1727.53 1918.62 6896.88
839 728.396 808.966 7282.66
840 -290.646 -346.379 7349.55
841 -1268.32 -1511.52 7094.63
842 -2190.57 -2610.62 6529
843 -3017.08 -3595.61 5677.31
844 -3711.63 -4423.35 4576.72
845 -4243.77 -5057.53 3275.39
846 -4590.14 -5470.32 1830.33
847 -4735.58 -5643.64 304.955
848 -4673.77 -5569.99 -1233.81
849 -4407.59 -5252.77 -2718.49
850 -3948.89 -4706.1 -4084.17
851 -3317.93 -3954.16 -5271.27
852 -2542.45 -3029.97 -6228.24
853 -1656.37 -1973.99 -6913.64
854 -698.319 -832.224 -7297.93
855 290.059 345.679 -7364.55
856 1265.84 1508.57 -7110.64
857 2186.64 2605.93 -6547.13
858 3012.36 3589.99 -5698.29
859 3706.95 4417.77 -4600.81
860 4239.93 5052.95 -3302.3
861 4587.81 5467.54 -1859.29
862 4735.16 5643.14 -334.822
863 4675.34 5571.86 1204.32
864 4410.88 5256.68 2690.62
865 3953.32 4711.38 4058.84
866 3322.74 3959.88 5249
867 2546.8 3035.16 6208.99
868 1659.52 1977.74 6896.88
869 699.72 833.894 7282.66
870 -278.381 -356.311 7349.55
871 -1214.79 -1554.86 7094.63
872 -2098.13 -2685.48 6529
873 -2889.76 -3698.72 5677.31
874 -3555 -4550.19 4576.72
875 -4064.68 -5202.56 3275.39
876 -4396.44 -5627.18 1830.33
877 -4535.73 -5805.47 304.955
878 -4476.54 -5729.71 -1233.81
879 -4221.59 -5403.39 -2718.49
880 -3782.24 -4841.05 -4084.17
881 -3177.91 -4067.54 -5271.27
882 -2435.16 -3116.86 -6228.24
883 -1586.47 -2030.59 -6913.64
884 -668.849 -856.088 -7297.93
885 277.818 355.591 -7364.55
886 1212.42 1551.83 -7110.64
887 2094.36 2680.66 -6547.13
888 2885.24 3692.93 -5698.29
889 3550.51 4544.45 -4600.81
890 4061 5197.85 -3302.3
891 4394.2 5624.32 -1859.29
892 4535.33 5804.96 -334.822
893 4478.04 5731.63 1204.32
894 4224.74 5407.42 2690.62
895 3786.49 4846.48 4058.84
896 3182.51 4073.43 5249
897 2439.32 3122.19 6208.99
898 1589.49 2034.45 6896.88
899 670.191 857.806 7282.66
900 -265.776 -365.81 7349.55
901 -1159.79 -1596.31 7094.63
902 -2003.13 -2757.07 6529
903 -2758.91 -3797.32 5677.31
904 -3394.03 -4671.49 4576.72
905 -3880.64 -5341.24 3275.39
906 -4197.37 -5777.19 1830.33
907 -4330.36 -5960.23 304.955
908 -4273.85 -5882.45 -1233.81
909 -4030.44 -5547.43 -2718.49
910 -3610.99 -4970.1 -4084.17
911 -3034.02 -4175.97 -5271.27
912 -2324.9 -3199.94 -6228.24
913 -1514.64 -2084.72 -6913.64
914 -638.565 -878.909 -7297.93
915 265.239 365.071 -7364.55
916 1157.53 1593.2 -7110.64
917 1999.53 2752.12 -6547.13
918 2754.6 3791.38 -5698.29
919 3389.75 4665.59 -4600.81
920 3877.13 5336.41 -3302.3
921 4195.24 5774.25 -1859.29
922 4329.98 5959.71 -334.822
923 4275.28 5884.42 1204.32
924 4033.45 5551.56 2690.62
925 3615.04 4975.67 4058.84
926 3038.42 4182.02 5249
927 2328.88 3205.42 6208.99
928 1517.52 2088.68 6896.88
929 639.846 880.672 7282.66
930 -259.352 -370.392 7349.55
931 -1131.75 -1616.31 7094.63
932 -1954.71 -2791.61 6529
933 -2692.22 -3844.89 5677.31
934 -3311.99 -4730.01 4576.72
935 -3786.83 -5408.15 3275.39
936 -4095.91 -5849.56 1830.33
937 -4225.68 -6034.9 304.955
938 -4170.53 -5956.14 -1233.81
939 -3933.01 -5616.92 -2718.49
940 -3523.7 -5032.36 -4084.17
941 -2960.68 -4228.29 -5271.27
942 -2268.69 -3240.03 -6228.24
943 -1478.02 -2110.84 -6913.64
944 -623.128 -889.92 -7297.93
945 258.828 369.644 -7364.55
946 1129.54 1613.16 -7110.64
947 1951.19 2786.6 -6547.13
948 2688.01 3838.88 -5698.29
949 3307.81 4724.04 -4600.81
950 3783.4 5403.26 -3302.3
951 4093.83 5846.59 -1859.29
952 4225.31 6034.37 -334.822
953 4171.93 5958.14 1204.32
954 3935.94 5621.11 2690.62
955 3527.65 5038.01 4058.84
956 2964.97 4234.41 5249
957 2272.58 3245.58 6208.99
958 1480.83 2114.85 6896.88
959 624.379 891.705 7282.66
960 -246.267 -379.218 7349.55
961 -1074.65 -1654.82 7094.63
962 -1856.09 -2858.13 6529
963 -2556.39 -3936.5 5677.31
964 -3144.9 -4842.72 4576.72
965 -3595.78 -5537.02 3275.39
966 -3889.27 -5988.94 1830.33
967 -4012.49 -6178.7 304.955
968 -3960.13 -6098.06 -1233.81
969 -3734.59 -5750.76 -2718.49
970 -3345.93 -5152.27 -4084.17
971 -2811.31 -4329.04 -5271.27
972 -2154.24 -3317.23 -6228.24
973 -1403.46 -2161.13 -6913.64
974 -591.691 -911.124 -7297.93
975 245.769 378.452 -7364.55
976 1072.56 1651.6 -7110.64
977 1852.76 2852.99 -6547.13
978 2552.4 3930.35 -5698.29
979 3140.93 4836.6 -4600.81
980 3592.53 5532.01 -3302.3
981 3887.29 5985.9 -1859.29
982 4012.14 6178.15 -334.822
983 3961.46 6100.11 1204.32
984 3737.37 5755.05 2690.62
985 3349.68 5158.05 4058.84
986 2815.38 4335.31 5249
987 2157.93 3322.91 6208.99
988 1406.12 2165.24 6896.88
989 592.878 912.952 7282.66
990 -232.883 -387.582 7349.55
991 -1016.25 -1691.32 7094.63
992 -1755.21 -2921.16 6529
993 -2417.46 -4023.32 5677.31
994 -2973.97 -4949.52 4576.72
995 -3400.35 -5659.14 3275.39
996 -3677.89 -6121.03 1830.33
997 -3794.41 -6314.97 304.955
998 -3744.89 -6232.55 -1233.81
999 -3531.62 -5877.6 -2718.49
1000 -3164.08 -5265.91 -4084.17
1001 -2658.51 -4424.51 -5271.27
1002 -2037.15 -3390.4 -6228.24
1003 -1327.18 -2208.8 -6913.64
1004 -559.533 -931.219 -7297.93
1005 232.412 386.798 -7364.55
1006 1014.27 1688.02 -7110.64
1007 1752.06 2915.92 -6547.13
1008 2413.68 4017.03 -5698.29
1009 2970.22 4943.27 -4600.81
1010 3397.27 5654.01 -3302.3
1011 3676.02 6117.92 -1859.29
1012 3794.08 6314.41 -334.822
1013 3746.15 6234.64 1204.32
1014 3534.25 5881.98 2690.62
1015 3167.62 5271.81 4058.84
1016 2662.37 4430.92 5249
1017 2040.64 3396.2 6208.99
1018 1329.7 2213 6896.88
1019 560.655 933.087 7282.66
1020 -281.48 -507.803 7340.54
1021 -1016.6 -1834 7059.11
1022 -1707.3 -3080.06 6468.52
1023 -2323.38 -4191.48 5594.5
1024 -2837.83 -5119.58 4475.21
1025 -3228.1 -5823.65 3159.62
1026 -3477.06 -6272.79 1705.38
1027 -3573.82 -6447.33 176.301
1028 -3514.18 -6339.75 -1360.52
1029 -3300.88 -5954.95 -2837.71
1030 -2943.42 -5310.07 -4190.68
1031 -2457.58 -4433.59 -5360.45
1032 -1864.7 -3364.01 -6296.22
1033 -1190.72 -2148.12 -6957.49
1034 -465.001 -838.883 -7315.74
1035 280.912 506.779 -7355.57
1036 1014.63 1830.44 -7075.26
1037 1704.26 3074.57 -6486.86
1038 2319.79 4185.02 -5615.74
1039 2834.33 5113.26 -4499.56
1040 3225.28 5818.56 -3186.74
1041 3475.42 6269.82 -1734.46
1042 3573.63 6446.99 -206.186
1043 3515.48 6342.1 1331.12
1044 3303.45 5959.59 2810.01
1045 2946.81 5316.18 4165.6
1046 2461.2 4440.12 5338.44
1047 1867.93 3369.84 6277.2
1048 1193 2152.23 6940.89
1049 465.936 840.571 7300.55
1050 -263.586 -517.317 7340.54
1051 -951.975 -1868.36 7059.11
1052 -1598.77 -3137.76 6468.52
1053 -2175.68 -4270.01 5594.5
1054 -2657.43 -5215.5 4475.21
1055 -3022.89 -5932.76 3159.62
1056 -3256.03 -6390.32 1705.38
1057 -3346.63 -6568.13 176.301
1058 -3290.78 -6458.53 -1360.52
1059 -3091.05 -6066.52 -2837.71
1060 -2756.31 -5409.56 -4190.68
1061 -2301.35 -4516.66 -5360.45
1062 -1746.16 -3427.04 -6296.22
1063 -1115.03 -2188.36 -6957.49
1064 -435.441 -854.601 -7315.74
1065 263.054 516.273 -7355.57
1066 950.127 1864.73 -7075.26
1067 1595.92 3132.18 -6486.86
1068 2172.33 4263.43 -5615.74
1069 2654.15 5209.06 -4499.56
1070 3020.25 5927.58 -3186.74
1071 3254.49 6387.29 -1734.46
1072 3346.45 6567.78 -206.186
1073 3292 6460.92 1331.12
1074 3093.45 6071.24 2810.01
1075 2759.48 5415.79 4165.6
1076 2304.74 4523.31 5338.44
1077 1749.19 3432.97 6277.2
1078 1117.16 2192.55 6940.89
1079 436.317 856.319 7300.55
1080 -254.518 -521.839 7340.54
1081 -919.223 -1884.69 7059.11
1082 -1543.77 -3165.19 6468.52
1083 -2100.83 -4307.33 5594.5
1084 -2566 -5261.09 4475.21
1085 -2918.89 -5984.61 3159.62
1086 -3144.01 -6446.17 1705.38
1087 -3231.49 -6625.54 176.301
1088 -3177.57 -6514.98 -1360.52
1089 -2984.7 -6119.55 -2837.71
1090 -2661.48 -5456.84 -4190.68
1091 -2222.18 -4556.13 -5360.45
1092 -1686.09 -3456.99 -6296.22
1093 -1076.66 -2207.49 -6957.49
1094 -420.46 -862.07 -7315.74
1095 254.004 520.786 -7355.57
1096 917.439 1881.03 -7075.26
1097 1541.02 3159.55 -6486.86
1098 2097.59 4300.69 -5615.74
1099 2562.84 5254.59 -4499.56
1100 2916.34 5979.39 -3186.74
1101 3142.52 6443.12 -1734.46
1102 3231.32 6625.19 -206.186
1103 3178.74 6517.39 1331.12
1104 2987.02 6124.31 2810.01
1105 2664.54 5463.12 4165.6
1106 2225.45 4562.85 5338.44
1107 1689.01 3462.98 6277.2
1108 1078.72 2211.71 6940.89
1109 421.305 863.804 7300.55
1110 -236.151 -530.404 7340.54
1111 -852.889 -1915.62 7059.11
1112 -1432.36 -3217.14 6468.52
1113 -1949.22 -4378.03 5594.5
1114 -2380.83 -5347.43 4475.21
1115 -2708.25 -6082.84 3159.62
1116 -2917.12 -6551.97 1705.38
1117 -2998.29 -6734.28 176.301
1118 -2948.26 -6621.9 -1360.52
1119 -2769.31 -6219.98 -2837.71
1120 -2469.42 -5546.4 -4190.68
1121 -2061.81 -4630.91 -5360.45
1122 -1564.41 -3513.73 -6296.22
1123 -998.969 -2243.72 -6957.49
1124 -390.118 -876.219 -7315.74
1125 235.674 529.333 -7355.57
1126 851.233 1911.9 -7075.26
1127 1429.81 3211.41 -6486.86
1128 1946.22 4371.28 -5615.74
1129 2377.89 5340.83 -4499.56
1130 2705.89 6077.52 -3186.74
1131 2915.74 6548.86 -1734.46
1132 2998.14 6733.92 -206.186
1133 2949.35 6624.36 1331.12
1134 2771.47 6224.82 2810.01
1135 2472.26 5552.79 4165.6
1136 2064.85 4637.73 5338.44
1137 1567.12 3519.81 6277.2
1138 1000.88 2248.01 6940.89
1139 390.902 877.981 7300.55
1140 -217.496 -538.322 7340.54
1141 -785.515 -1944.22 7059.11
1142 -1319.21 -3265.17 6468.52
1143 -1795.24 -4443.39 5594.5
1144 -2192.76 -5427.27 4475.21
1145 -2494.32 -6173.65 3159.62
1146 -2686.69 -6649.78 1705.38
1147 -2761.44 -6834.81 176.301
1148 -2715.36 -6720.76 -1360.52
1149 -2550.55 -6312.84 -2837.71
1150 -2274.35 -5629.21 -4190.68
1151 -1898.94 -4700.05 -5360.45
1152 -1440.83 -3566.19 -6296.22
1153 -920.056 -2277.22 -6957.49
1154 -359.3 -889.3 -7315.74
1155 217.057 537.236 -7355.57
1156 783.99 1940.44 -7075.26
1157 1316.86 3259.35 -6486.86
1158 1792.48 4436.54 -5615.74
1159 2190.05 5420.57 -4499.56
1160 2492.14 6168.26 -3186.74
1161 2685.41 6646.63 -1734.46
1162 2761.3 6834.45 -206.186
1163 2716.37 6723.25 1331.12
1164 2552.54 6317.75 2810.01
1165 2276.96 5635.68 4165.6
1166 1901.74 4706.97 5338.44
1167 1443.33 3572.36 6277.2
1168 921.815 2281.57 6940.89
1169 360.023 891.088 7300.55
1170 -198.577 -545.585 7340.54
1171 -717.184 -1970.45 7059.11
1172 -1204.46 -3309.22 6468.52
1173 -1639.08 -4503.33 5594.5
1174 -2002.01 -5500.49 4475.21
1175 -2277.34 -6256.94 3159.62
1176 -2452.98 -6739.49 1705.38
1177 -2521.23 -6927.02 176.301
1178 -2479.16 -6811.43 -1360.52
1179 -2328.68 -6398.01 -2837.71
1180 -2076.5 -5705.15 -4190.68
1181 -1733.76 -4763.46 -5360.45
1182 -1315.5 -3614.3 -6296.22
1183 -840.021 -2307.94 -6957.49
1184 -328.045 -901.298 -7315.74
1185 198.176 544.484 -7355.57
1186 715.792 1966.62 -7075.26
1187 1202.31 3303.33 -6486.86
1188 1636.55 4496.39 -5615.74
1189 1999.54 5493.69 -4499.56
1190 2275.35 6251.47 -3186.74
1191 2451.81 6736.3 -1734.46
1192 2521.1 6926.66 -206.186
1193 2480.08 6813.96 1331.12
1194 2330.5 6402.99 2810.01
1195 2078.89 5711.72 4165.6
1196 1736.31 4770.47 5338.44
1197 1317.77 3620.56 6277.2
1198 841.628 2312.35 6940.89
1199 328.705 903.11 7300.55
1200 -179.415 -552.182 7340.54
1201 -647.98 -1994.28 7059.11
1202 -1088.23 -3349.24 6468.52
1203 -1480.92 -4557.79 5594.5
1204 -1808.83 -5567 4475.21
1205 -2057.59 -6332.6 3159.62
1206 -2216.28 -6821 1705.38
1207 -2277.95 -7010.79 176.301
1208 -2239.93 -6893.8 -1360.52
1209 -2103.98 -6475.38 -2837.71
1210 -1876.13 -5774.14 -4190.68
1211 -1566.46 -4821.06 -5360.45
1212 -1188.56 -3658.01 -6296.22
1213 -758.964 -2335.85 -6957.49
1214 -296.391 -912.197 -7315.74
1215 179.053 551.068 -7355.57
1216 646.722 1990.4 -7075.26
1217 1086.3 3343.27 -6486.86
1218 1478.63 4550.77 -5615.74
1219 1806.6 5560.13 -4499.56
1220 2055.79 6327.07 -3186.74
1221 2215.23 6817.77 -1734.46
1222 2277.83 7010.42 -206.186
1223 2240.76 6896.36 1331.12
1224 2105.62 6480.42 2810.01
1225 1878.29 5780.79 4165.6
1226 1568.77 4828.16 5338.44
1227 1190.62 3664.34 6277.2
1228 760.415 2340.32 6940.89
1229 296.987 914.032 7300.55
1230 -169.751 -555.23 7340.54
1231 -613.076 -2005.28 7059.11
1232 -1029.61 -3367.72 6468.52
1233 -1401.15 -4582.94 5594.5
1234 -1711.4 -5597.72 4475.21
1235 -1946.76 -6367.55 3159.62
1236 -2096.9 -6858.64 1705.38
1237 -2155.24 -7049.48 176.301
1238 -2119.28 -6931.85 -1360.52
1239 -1990.65 -6511.11 -2837.71
1240 -1775.07 -5806.01 -4190.68
1241 -1482.08 -4847.67 -5360.45
1242 -1124.54 -3678.19 -6296.22
1243 -718.082 -2348.74 -6957.49
1244 -280.426 -917.231 -7315.74
1245 169.408 554.109 -7355.57
1246 611.886 2001.39 -7075.26
1247 1027.78 3361.72 -6486.86
1248 1398.99 4575.88 -5615.74
1249 1709.28 5590.81 -4499.56
1250 1945.05 6361.99 -3186.74
1251 2095.9 6855.39 -1734.46
1252 2155.13 7049.11 -206.186
1253 2120.06 6934.42 1331.12
1254 1992.2 6516.18 2810.01
1255 1777.12 5812.69 4165.6
1256 1484.26 4854.81 5338.44
1257 1126.48 3684.56 6277.2
1258 719.455 2353.23 6940.89
1259 280.99 919.076 7300.55
1260 -183.465 -684.702 7329.28
1261 -574.584 -2144.38 7021.44
1262 -940.597 -3510.36 6406.07
1263 -1265.49 -4722.88 5509.99
1264 -1535.04 -5728.84 4372.33
1265 -1737.41 -6484.09 3042.88
1266 -1863.72 -6955.49 1579.9
1267 -1908.45 -7122.42 47.5929
1268 -1869.67 -6977.69 -1486.81
1269 -1749.14 -6527.89 -2956.06
1270 -1552.23 -5793 -4295.92
1271 -1287.63 -4805.49 -5448
1272 -966.949 -3608.7 -6362.28
1273 -604.217 -2254.97 -6999.22
1274 -215.234 -803.264 -7331.34
1275 183.096 683.322 -7344.36
1276 573.475 2140.24 -7037.73
1277 938.939 3504.17 -6424.63
1278 1263.57 4715.71 -5531.49
1279 1533.19 5721.93 -4396.93
1280 1735.94 6478.63 -3070.2
1281 1862.9 6952.44 -1609.09
1282 1908.41 7122.3 -77.4871
1283 1870.43 6980.52 1457.51
1284 1750.56 6533.18 2928.55
1285 1554.06 5799.84 4271.08
1286 1289.55 4812.68 5426.25
1287 968.64 3615.01 6343.5
1288 605.38 2259.31 6982.78
1289 215.668 804.883 7316.21
1290 -159.458 -690.688 7329.28
1291 -499.396 -2163.12 7021.44
1292 -817.515 -3541.04 6406.07
1293 -1099.9 -4764.17 5509.99
1294 -1334.17 -5778.92 4372.33
1295 -1510.06 -6540.77 3042.88
1296 -1619.84 -7016.3 1579.9
1297 -1658.72 -7184.68 47.5929
1298 -1625.01 -7038.69 -1486.81
1299 -1520.26 -6584.95 -2956.06
1300 -1349.11 -5843.65 -4295.92
1301 -1119.13 -4847.5 -5448
1302 -840.418 -3640.25 -6362.28
1303 -525.152 -2274.68 -6999.22
1304 -187.069 -810.286 -7331.34
1305 159.137 689.296 -7344.36
1306 498.432 2158.95 -7037.73
1307 816.073 3534.8 -6424.63
1308 1098.23 4756.94 -5531.49
1309 1332.56 5771.95 -4396.93
1310 1508.79 6535.27 -3070.2
1311 1619.13 7013.22 -1609.09
1312 1658.69 7184.56 -77.4871
1313 1625.67 7041.55 1457.51
1314 1521.49 6590.29 2928.55
1315 1350.7 5850.54 4271.08
1316 1120.81 4854.76 5426.25
1317 841.888 3646.62 6343.5
1318 526.162 2279.06 6982.78
1319 187.446 811.919 7316.21
1320 -135.256 -695.832 7329.28
1321 -423.6 -2179.23 7021.44
1322 -693.436 -3567.42 6406.07
1323 -932.959 -4799.66 5509.99
1324 -1131.67 -5821.96 4372.33
1325 -1280.87 -6589.49 3042.88
1326 -1373.99 -7068.55 1579.9
1327 -1406.96 -7238.2 47.5929
1328 -1378.37 -7091.12 -1486.81
1329 -1289.52 -6634 -2956.06
1330 -1144.35 -5887.17 -4295.92
1331 -949.276 -4883.6 -5448
1332 -712.863 -3667.36 -6362.28
1333 -445.447 -2291.62 -6999.22
1334 -158.677 -816.321 -7331.34
1335 134.983 694.43 -7344.36
1336 422.782 2175.03 -7037.73
1337 692.213 3561.13 -6424.63
1338 931.542 4792.37 -5531.49
1339 1130.31 5814.94 -4396.93
1340 1279.79 6583.94 -3070.2
1341 1373.38 7065.45 -1609.09
1342 1406.94 7238.07 -77.4871
1343 1378.93 7093.99 1457.51
1344 1290.56 6639.38 2928.55
1345 1145.7 5894.12 4271.08
1346 950.697 4890.91 5426.25
1347 714.11 3673.78 6343.5
1348 446.304 2296.03 6982.78
1349 158.997 817.966 7316.21
1350 -110.889 -700.128 7329.28
1351 -347.288 -2192.69 7021.44
1352 -568.512 -3589.45 6406.07
1353 -764.885 -4829.29 5509.99
1354 -927.802 -5857.91 4372.33
1355 -1050.12 -6630.17 3042.88
1356 -1126.46 -7112.2 1579.9
1357 -1153.5 -7282.89 47.5929
1358 -1130.06 -7134.9 -1486.81
1359 -1057.21 -6674.96 -2956.06
1360 -938.194 -5923.52 -4295.92
1361 -778.262 -4913.76 -5448
1362 -584.44 -3690.01 -6362.28
1363 -365.199 -2305.77 -6999.22
1364 -130.091 -821.362 -7331.34
1365 110.666 698.718 -7344.36
1366 346.617 2188.46 -7037.73
1367 567.51 3583.12 -6424.63
1368 763.724 4821.96 -5531.49
1369 926.682 5850.84 -4396.93
1370 1049.23 6624.59 -3070.2
1371 1125.97 7109.08 -1609.09
1372 1153.48 7282.76 -77.4871
1373 1130.52 7137.79 1457.51
1374 1058.07 6680.37 2928.55
1375 939.301 5930.51 4271.08
1376 779.428 4921.11 5426.25
1377 585.462 3696.46 6343.5
1378 365.901 2310.21 6982.78
1379 130.353 823.017 7316.21
1380 -98.6536 -701.957 7329.28
1381 -308.967 -2198.42 7021.44
1382 -505.781 -3598.82 6406.07
1383 -680.485 -4841.9 5509.99
1384 -825.426 -5873.21 4372.33
1385 -934.244 -6647.49 3042.88
1386 -1002.17 -7130.78 1579.9
1387 -1026.22 -7301.91 47.5929
1388 -1005.36 -7153.54 -1486.81
1389 -940.555 -6692.4 -2956.06
1390 -834.671 -5938.99 -4295.92
1391 -692.387 -4926.59 -5448
1392 -519.951 -3699.64 -6362.28
1393 -324.902 -2311.8 -6999.22
1394 -115.736 -823.507 -7331.34
1395 98.4548 700.543 -7344.36
1396 308.371 2194.17 -7037.73
1397 504.89 3592.48 -6424.63
1398 679.452 4834.55 -5531.49
1399 824.43 5866.12 -4396.93
1400 933.458 6641.9 -3070.2
1401 1001.73 7127.64 -1609.09
1402 1026.2 7301.79 -77.4871
1403 1005.77 7156.44 1457.51
1404 941.317 6697.82 2928.55
1405 835.656 5946 4271.08
1406 693.424 4933.97 5426.25
1407 520.86 3706.11 6343.5
1408 325.527 2316.24 6982.78
1409 115.97 825.167 7316.21
1410 -74.0956 -704.972 7329.28
1411 -232.056 -2207.86 7021.44
1412 -379.876 -3614.28 6406.07
1413 -511.091 -4862.7 5509.99
1414 -619.951 -5898.44 4372.33
1415 -701.681 -6676.05 3042.88
1416 -752.694 -7161.41 1579.9
1417 -770.759 -7333.28 47.5929
1418 -755.097 -7184.26 -1486.81
1419 -706.421 -6721.14 -2956.06
1420 -626.895 -5964.51 -4295.92
1421 -520.03 -4947.75 -5448
1422 -390.519 -3715.54 -6362.28
1423 -244.023 -2321.73 -6999.22
1424 -86.9259 -827.044 -7331.34
1425 73.9463 703.552 -7344.36
1426 231.607 2203.6 -7037.73
1427 379.206 3607.91 -6424.63
1428 510.315 4855.32 -5531.49
1429 619.203 5891.32 -4396.93
1430 701.09 6670.43 -3070.2
1431 752.364 7158.26 -1609.09
1432 770.745 7333.15 -77.4871
1433 755.403 7187.18 1457.51
1434 706.993 6726.59 2928.55
1435 627.635 5971.54 4271.08
1436 520.808 4955.16 5426.25
1437 391.202 3722.03 6343.5
1438 244.493 2326.19 6982.78
1439 87.1011 828.711 7316.21
1440 -49.4473 -707.129 7329.28
1441 -154.861 -2214.61 7021.44
1442 -253.508 -3625.34 6406.07
1443 -341.074 -4877.58 5509.99
1444 -413.721 -5916.48 4372.33
1445 -468.263 -6696.47 3042.88
1446 -502.306 -7183.31 1579.9
1447 -514.361 -7355.71 47.5929
1448 -503.909 -7206.24 -1486.81
1449 -471.426 -6741.7 -2956.06
1450 -418.355 -5982.75 -4295.92
1451 -347.039 -4962.89 -5448
1452 -260.61 -3726.9 -6362.28
1453 -162.848 -2328.83 -6999.22
1454 -58.0095 -829.574 -7331.34
1455 49.3476 705.704 -7344.36
1456 154.562 2210.34 -7037.73
1457 253.061 3618.94 -6424.63
1458 340.556 4870.17 -5531.49
1459 413.222 5909.34 -4396.93
1460 467.869 6690.83 -3070.2
1461 502.086 7180.16 -1609.09
1462 514.352 7355.58 -77.4871
1463 504.114 7209.16 1457.51
1464 471.808 6747.17 2928.55
1465 418.848 5989.81 4271.08
1466 347.559 4970.32 5426.25
1467 261.066 3733.42 6343.5
1468 163.161 2333.31 6982.78
1469 58.1264 831.246 7316.21
1470 -24.7387 -708.424 7329.28
1471 -77.4777 -2218.67 7021.44
1472 -126.831 -3631.97 6406.07
1473 -170.641 -4886.51 5509.99
1474 -206.986 -5927.31 4372.33
1475 -234.274 -6708.73 3042.88
1476 -251.306 -7196.47 1579.9
1477 -257.337 -7369.18 47.5929
1478 -252.108 -7219.44 -1486.81
1479 -235.857 -6754.05 -2956.06
1480 -209.305 -5993.71 -4295.92
1481 -173.625 -4971.98 -5448
1482 -130.385 -3733.73 -6362.28
1483 -81.4734 -2333.09 -6999.22
1484 -29.0224 -831.093 -7331.34
1485 24.6889 706.996 -7344.36
1486 77.3281 2214.39 -7037.73
1487 126.608 3625.57 -6424.63
1488 170.382 4879.09 -5531.49
1489 206.737 5920.16 -4396.93
1490 234.077 6703.08 -3070.2
1491 251.196 7193.31 -1609.09
1492 257.333 7369.05 -77.4871
1493 252.211 7222.37 1457.51
1494 236.048 6759.52 2928.55
1495 209.552 6000.78 4271.08
1496 173.885 4979.42 5426.25
1497 130.613 3740.26 6343.5
1498 81.6302 2337.58 6982.78
1499 29.0809 832.768 7316.21
1500 -4.99208e-13 -836.896 7315.8
1501 -5.70935e-13 -2342.46 6981.62
1502 -6.17671e-13 -3745.68 6341.65
1503 -6.37363e-13 -4985.14 5423.79
1504 -6.29142e-13 -6006.55 4268.12
1505 -5.9336e-13 -6765.1 2925.21
1506 -5.31584e-13 -7227.49 1453.94
1507 -4.46529e-13 -7373.51 -81.1298
1508 -3.41937e-13 -7196.9 -1612.65
1509 -2.22405e-13 -6705.66 -3073.51
1510 -9.31805e-14 -5921.6 -4399.85
1511 4.00799e-14 -4879.34 -5533.89
1512 1.71561e-13 -3624.61 -6426.41
1513 2.95541e-13 -2212.27 -7038.82
1514 4.06638e-13 -703.807 -7344.71
1515 5.00032e-13 835.213 -7330.93
1516 5.71667e-13 2337.97 -6998.06
1517 6.18421e-13 3739.14 -6360.44
1518 6.38239e-13 4977.69 -5445.55
1519 6.3023e-13 5999.48 -4292.96
1520 5.9471e-13 6759.62 -2952.72
1521 5.332e-13 7224.57 -1483.24
1522 4.48368e-13 7373.64 51.2358
1523 3.43918e-13 7200.07 1583.46
1524 2.24424e-13 6711.31 3046.2
1525 9.51244e-14 5928.76 4375.26
1526 -3.83096e-14 4886.76 5512.4
1527 -1.70033e-13 3631.02 6407.86
1528 -2.94282e-13 2216.55 7022.53
1529 -4.05628e-13 705.229 7329.63
1530 14.6059 -836.769 7315.8
1531 40.8816 -2342.11 6981.62
1532 65.3711 -3745.11 6341.65
1533 87.0027 -4984.38 5423.79
1534 104.829 -6005.64 4268.12
1535 118.067 -6764.07 2925.21
1536 126.137 -7226.39 1453.94
1537 128.685 -7372.39 -81.1298
1538 125.603 -7195.8 -1612.65
1539 117.03 -6704.64 -3073.51
1540 103.346 -5920.7 -4399.85
1541 85.1562 -4878.6 -5533.89
1542 63.2582 -3624.06 -6426.41
1543 38.6094 -2211.93 -7038.82
1544 12.2831 -703.7 -7344.71
1545 -14.5765 835.086 -7330.93
1546 -40.8031 2337.61 -6998.06
1547 -65.257 3738.57 -6360.44
1548 -86.8727 4976.93 -5445.55
1549 -104.705 5998.56 -4292.96
1550 -117.972 6758.59 -2952.72
1551 -126.086 7223.47 -1483.24
1552 -128.688 7372.52 51.2358
1553 -125.659 7198.97 1583.46
1554 -117.129 6710.29 3046.2
1555 -103.471 5927.86 4375.26
1556 -85.2857 4886.02 5512.4
1557 -63.37 3630.46 6407.86
1558 -38.6841 2216.21 7022.53
1559 -12.3079 705.121 7329.63
1560 43.7998 -835.749 7315.8
1561 122.595 -2339.25 6981.62
1562 196.034 -3740.54 6341.65
1563 260.902 -4978.31 5423.79
1564 314.359 -5998.32 4268.12
1565 354.058 -6755.82 2925.21
1566 378.258 -7217.59 1453.94
1567 385.9 -7363.4 -81.1298
1568 376.657 -7187.04 -1612.65
1569 350.947 -6696.47 -3073.51
1570 309.913 -5913.49 -4399.85
1571 255.365 -4872.65 -5533.89
1572 189.698 -3619.65 -6426.41
1573 115.781 -2209.23 -7038.82
1574 36.8344 -702.843 -7344.71
1575 -43.7117 834.068 -7330.93
1576 -122.36 2334.76 -6998.06
1577 -195.691 3734.01 -6360.44
1578 -260.512 4970.87 -5445.55
1579 -313.988 5991.26 -4292.96
1580 -353.771 6750.36 -2952.72
1581 -378.105 7214.67 -1483.24
1582 -385.907 7363.54 51.2358
1583 -376.822 7190.2 1583.46
1584 -351.243 6702.11 3046.2
1585 -310.287 5920.64 4375.26
1586 -255.753 4880.06 5512.4
1587 -190.033 3626.04 6407.86
1588 -116.005 2213.51 7022.53
1589 -36.9088 704.262 7329.63
1590 72.9403 -833.712 7315.8
1591 204.159 -2333.55 6981.62
1592 326.457 -3731.42 6341.65
1593 434.484 -4966.17 5423.79
1594 523.506 -5983.7 4268.12
1595 589.617 -6739.35 2925.21
1596 629.917 -7199.99 1453.94
1597 642.644 -7345.45 -81.1298
1598 627.251 -7169.51 -1612.65
1599 584.436 -6680.14 -3073.51
1600 516.102 -5899.07 -4399.85
1601 425.262 -4860.77 -5533.89
1602 315.906 -3610.82 -6426.41
1603 192.812 -2203.85 -7038.82
1604 61.3409 -701.129 -7344.71
1605 -72.7936 832.035 -7330.93
1606 -203.767 2329.07 -6998.06
1607 -325.887 3724.91 -6360.44
1608 -433.834 4958.75 -5445.55
1609 -522.889 5976.65 -4292.96
1610 -589.14 6733.9 -2952.72
1611 -629.663 7197.08 -1483.24
1612 -642.655 7345.58 51.2358
1613 -627.527 7172.67 1583.46
1614 -584.929 6685.77 3046.2
1615 -516.726 5906.2 4375.26
1616 -425.909 4868.16 5512.4
1617 -316.464 3617.2 6407.86
1618 -193.185 2208.11 7022.53
1619 -61.4647 702.545 7329.63
1620 101.992 -830.658 7315.8
1621 285.474 -2325 6981.62
1622 456.483 -3717.76 6341.65
1623 607.536 -4947.98 5423.79
1624 732.015 -5961.78 4268.12
1625 824.458 -6714.67 2925.21
1626 880.81 -7173.62 1453.94
1627 898.605 -7318.55 -81.1298
1628 877.081 -7143.25 -1612.65
1629 817.214 -6655.67 -3073.51
1630 721.662 -5877.47 -4399.85
1631 594.642 -4842.97 -5533.89
1632 441.729 -3597.6 -6426.41
1633 269.607 -2195.78 -7038.82
1634 85.7726 -698.561 -7344.71
1635 -101.787 828.988 -7330.93
1636 -284.926 2320.54 -6998.06
1637 -455.686 3711.27 -6360.44
1638 -606.628 4940.59 -5445.55
1639 -731.152 5954.76 -4292.96
1640 -823.791 6709.24 -2952.72
1641 -880.453 7170.72 -1483.24
1642 -898.621 7318.68 51.2358
1643 -877.468 7146.4 1583.46
1644 -817.903 6661.28 3046.2
1645 -722.534 5884.57 4375.26
1646 -595.546 4850.34 5512.4
1647 -442.51 3603.95 6407.86
1648 -270.129 2200.03 7022.53
1649 -85.9457 699.972 7329.63
1650 130.919 -826.593 7315.8
1651 366.442 -2313.62 6981.62
1652 585.953 -3699.56 6341.65
1653 779.848 -4923.77 5423.79
1654 939.632 -5932.6 4268.12
1655 1058.29 -6681.81 2925.21
1656 1130.63 -7138.51 1453.94
1657 1153.47 -7282.73 -81.1298
1658 1125.84 -7108.29 -1612.65
1659 1049 -6623.1 -3073.51
1660 926.343 -5848.7 -4399.85
1661 763.297 -4819.27 -5533.89
1662 567.015 -3579.99 -6426.41
1663 346.075 -2185.03 -7038.82
1664 110.1 -695.142 -7344.71
1665 -130.656 824.93 -7330.93
1666 -365.738 2309.18 -6998.06
1667 -584.93 3693.1 -6360.44
1668 -778.683 4916.41 -5445.55
1669 -938.525 5925.61 -4292.96
1670 -1057.44 6676.4 -2952.72
1671 -1130.17 7135.62 -1483.24
1672 -1153.49 7282.86 51.2358
1673 -1126.34 7111.42 1583.46
1674 -1049.88 6628.68 3046.2
1675 -927.463 5855.77 4375.26
1676 -764.458 4826.6 5512.4
1677 -568.016 3586.31 6407.86
1678 -346.744 2189.26 7022.53
1679 -110.322 696.546 7329.63
1680 145.326 -824.182 7315.8
1681 406.764 -2306.88 6981.62
1682 650.43 -3688.77 6341.65
1683 865.661 -4909.41 5423.79
1684 1043.03 -5915.3 4268.12
1685 1174.75 -6662.32 2925.21
1686 1255.04 -7117.69 1453.94
1687 1280.4 -7261.49 -81.1298
1688 1249.73 -7087.56 -1612.65
1689 1164.43 -6603.78 -3073.51
1690 1028.28 -5831.64 -4399.85
1691 847.288 -4805.21 -5533.89
1692 629.408 -3569.55 -6426.41
1693 384.156 -2178.66 -7038.82
1694 122.215 -693.115 -7344.71
1695 -145.033 822.524 -7330.93
1696 -405.983 2302.45 -6998.06
1697 -649.295 3682.33 -6360.44
1698 -864.367 4902.07 -5445.55
1699 -1041.8 5908.33 -4292.96
1700 -1173.8 6656.93 -2952.72
1701 -1254.53 7114.81 -1483.24
1702 -1280.42 7261.62 51.2358
1703 -1250.28 7090.68 1583.46
1704 -1165.41 6609.35 3046.2
1705 -1029.52 5838.69 4375.26
1706 -848.577 4812.52 5512.4
1707 -630.52 3575.85 6407.86
1708 -384.899 2182.87 7022.53
1709 -122.462 694.515 7329.63
1710 174.001 -818.608 7315.8
1711 487.025 -2291.27 6981.62
1712 778.77 -3663.82 6341.65
1713 1036.47 -4876.2 5423.79
1714 1248.83 -5875.29 4268.12
1715 1406.54 -6617.26 2925.21
1716 1502.68 -7069.55 1453.94
1717 1533.04 -7212.38 -81.1298
1718 1496.32 -7039.63 -1612.65
1719 1394.18 -6559.12 -3073.51
1720 1231.17 -5792.2 -4399.85
1721 1014.47 -4772.71 -5533.89
1722 753.6 -3545.41 -6426.41
1723 459.956 -2163.92 -7038.82
1724 146.33 -688.428 -7344.71
1725 -173.651 816.962 -7330.93
1726 -486.09 2286.88 -6998.06
1727 -777.411 3657.43 -6360.44
1728 -1034.92 4868.92 -5445.55
1729 -1247.36 5868.37 -4292.96
1730 -1405.4 6611.91 -2952.72
1731 -1502.07 7066.69 -1483.24
1732 -1533.07 7212.51 51.2358
1733 -1496.98 7042.73 1583.46
1734 -1395.36 6564.65 3046.2
1735 -1232.66 5799.2 4375.26
1736 -1016.01 4779.97 5512.4
1737 -754.931 3551.67 6407.86
1738 -460.846 2168.11 7022.53
1739 -146.625 689.818 7329.63
1740 202.464 -812.037 7315.8
1741 566.693 -2272.88 6981.62
1742 906.161 -3634.41 6341.65
1743 1206.01 -4837.06 5423.79
1744 1453.12 -5828.13 4268.12
1745 1636.62 -6564.14 2925.21
1746 1748.49 -7012.8 1453.94
1747 1783.81 -7154.48 -81.1298
1748 1741.09 -6983.12 -1612.65
1749 1622.25 -6506.47 -3073.51
1750 1432.57 -5745.71 -4399.85
1751 1180.42 -4734.4 -5533.89
1752 876.874 -3516.95 -6426.41
1753 535.196 -2146.55 -7038.82
1754 170.266 -682.901 -7344.71
1755 -202.056 810.404 -7330.93
1756 -565.605 2268.52 -6998.06
1757 -904.579 3628.07 -6360.44
1758 -1204.21 4829.83 -5445.55
1759 -1451.41 5821.27 -4292.96
1760 -1635.3 6558.83 -2952.72
1761 -1747.78 7009.97 -1483.24
1762 -1783.85 7154.61 51.2358
1763 -1741.85 6986.2 1583.46
1764 -1623.61 6511.96 3046.2
1765 -1434.3 5752.65 4375.26
1766 -1182.21 4741.6 5512.4
1767 -878.423 3523.16 6407.86
1768 -536.231 2150.71 7022.53
1769 -170.61 684.28 7329.63
1770 265.902 -927.312 7300.07
1771 679.223 -2368.73 6939.67
1772 1062.86 -3706.65 6275.3
1773 1400.04 -4882.51 5335.93
1774 1675.97 -5844.8 4162.59
1775 1878.55 -6551.3 2806.65
1776 1998.9 -6971 1327.54
1777 2031.75 -7085.55 -209.828
1778 1975.7 -6890.1 -1738
1779 1833.29 -6393.45 -3190.02
1780 1610.84 -5617.66 -4502.44
1781 1318.15 -4596.94 -5618.1
1782 968.074 -3376.07 -6488.6
1783 575.902 -2008.41 -7076.29
1784 158.713 -553.496 -7355.86
1785 -265.369 925.451 -7315.27
1786 -677.927 2364.21 -6956.27
1787 -1061.03 3700.24 -6294.32
1788 -1397.98 4875.33 -5357.95
1789 -1674.04 5838.09 -4187.68
1790 -1877.1 6546.21 -2834.35
1791 -1998.16 6968.42 -1356.93
1792 -2031.86 7085.93 179.943
1793 -1976.64 6893.37 1708.92
1794 -1834.9 6399.05 3162.91
1795 -1612.83 5624.61 4478.1
1796 -1320.19 4604.04 5596.87
1797 -969.8 3382.1 6470.26
1798 -577.023 2012.32 7060.15
1799 -159.034 554.616 7340.82
1800 298.103 -917.467 7300.07
1801 761.477 -2343.58 6939.67
1802 1191.58 -3667.29 6275.3
1803 1569.58 -4830.68 5335.93
1804 1878.93 -5782.75 4162.59
1805 2106.05 -6481.74 2806.65
1806 2240.97 -6896.99 1327.54
1807 2277.79 -7010.33 -209.828
1808 2214.96 -6816.95 -1738
1809 2055.3 -6325.58 -3190.02
1810 1805.91 -5558.02 -4502.44
1811 1477.78 -4548.13 -5618.1
1812 1085.31 -3340.23 -6488.6
1813 645.644 -1987.09 -7076.29
1814 177.933 -547.62 -7355.86
1815 -297.505 915.626 -7315.27
1816 -760.023 2339.11 -6956.27
1817 -1189.52 3660.96 -6294.32
1818 -1567.27 4823.57 -5357.95
1819 -1876.77 5776.11 -4187.68
1820 -2104.41 6476.71 -2834.35
1821 -2240.14 6894.44 -1356.93
1822 -2277.92 7010.71 179.943
1823 -2216.01 6820.19 1708.92
1824 -2057.1 6331.11 3162.91
1825 -1808.14 5564.89 4478.1
1826 -1480.06 4555.16 5596.87
1827 -1087.24 3346.19 6470.26
1828 -646.9 1990.95 7060.15
1829 -178.292 548.728 7340.82
1830 314.07 -912.125 7300.07
1831 802.262 -2329.94 6939.67
1832 1255.4 -3645.94 6275.3
1833 1653.65 -4802.55 5335.93
1834 1979.57 -5749.08 4162.59
1835 2218.85 -6444 2806.65
1836 2361 -6856.83 1327.54
1837 2399.79 -6969.51 -209.828
1838 2333.6 -6777.26 -1738
1839 2165.39 -6288.74 -3190.02
1840 1902.64 -5525.66 -4502.44
1841 1556.93 -4521.65 -5618.1
1842 1143.44 -3320.78 -6488.6
1843 680.225 -1975.52 -7076.29
1844 187.463 -544.432 -7355.86
1845 -313.44 910.294 -7315.27
1846 -800.731 2325.49 -6956.27
1847 -1253.23 3639.64 -6294.32
1848 -1651.22 4795.49 -5357.95
1849 -1977.29 5742.47 -4187.68
1850 -2217.12 6439 -2834.35
1851 -2360.12 6854.29 -1356.93
1852 -2399.92 6969.88 179.943
1853 -2334.71 6780.48 1708.92
1854 -2167.28 6294.25 3162.91
1855 -1904.99 5532.49 4478.1
1856 -1559.33 4528.63 5596.87
1857 -1145.48 3326.71 6470.26
1858 -681.548 1979.36 7060.15
1859 -187.842 545.532 7340.82
1860 345.711 -900.609 7300.07
1861 883.087 -2300.52 6939.67
1862 1381.87 -3599.91 6275.3
1863 1820.25 -4741.91 5335.93
1864 2179 -5676.49 4162.59
1865 2442.39 -6362.64 2806.65
1866 2598.86 -6770.25 1327.54
1867 2641.57 -6881.51 -209.828
1868 2568.7 -6691.69 -1738
1869 2383.54 -6209.34 -3190.02
1870 2094.32 -5455.89 -4502.44
1871 1713.78 -4464.56 -5618.1
1872 1258.63 -3278.85 -6488.6
1873 748.755 -1950.57 -7076.29
1874 206.349 -537.558 -7355.86
1875 -345.017 898.801 -7315.27
1876 -881.401 2296.13 -6956.27
1877 -1379.49 3593.69 -6294.32
1878 -1817.57 4734.94 -5357.95
1879 -2176.5 5669.97 -4187.68
1880 -2440.49 6357.7 -2834.35
1881 -2597.9 6767.75 -1356.93
1882 -2641.71 6881.88 179.943
1883 -2569.92 6694.87 1708.92
1884 -2385.63 6214.78 3162.91
1885 -2096.91 5462.64 4478.1
1886 -1716.43 4471.45 5596.87
1887 -1260.88 3284.7 6470.26
1888 -750.212 1954.37 7060.15
1889 -206.766 538.645 7340.82
1890 376.931 -887.995 7300.07
1891 962.836 -2268.3 6939.67
1892 1506.67 -3549.49 6275.3
1893 1984.63 -4675.5 5335.93
1894 2375.78 -5596.99 4162.59
1895 2662.95 -6273.53 2806.65
1896 2833.55 -6675.43 1327.54
1897 2880.12 -6785.13 -209.828
1898 2800.67 -6597.97 -1738
1899 2598.79 -6122.38 -3190.02
1900 2283.45 -5379.47 -4502.44
1901 1868.55 -4402.03 -5618.1
1902 1372.3 -3232.93 -6488.6
1903 816.373 -1923.25 -7076.29
1904 224.984 -530.029 -7355.86
1905 -376.175 886.213 -7315.27
1906 -960.998 2263.97 -6956.27
1907 -1504.07 3543.36 -6294.32
1908 -1981.71 4668.62 -5357.95
1909 -2373.05 5590.56 -4187.68
1910 -2660.89 6268.65 -2834.35
1911 -2832.5 6672.96 -1356.93
1912 -2880.27 6785.5 179.943
1913 -2802 6601.1 1708.92
1914 -2601.07 6127.73 3162.91
1915 -2286.28 5386.13 4478.1
1916 -1871.44 4408.83 5596.87
1917 -1374.75 3238.7 6470.26
1918 -817.961 1927 7060.15
1919 -225.439 531.1 7340.82
1920 407.692 -874.299 7300.07
1921 1041.41 -2233.32 6939.67
1922 1629.63 -3494.74 6275.3
1923 2146.59 -4603.39 5335.93
1924 2569.66 -5510.66 4162.59
1925 2880.27 -6176.77 2806.65
1926 3064.8 -6572.47 1327.54
1927 3115.16 -6680.48 -209.828
1928 3029.23 -6496.2 -1738
1929 2810.88 -6027.95 -3190.02
1930 2469.8 -5296.51 -4502.44
1931 2021.04 -4334.14 -5618.1
1932 1484.29 -3183.07 -6488.6
1933 882.997 -1893.59 -7076.29
1934 243.344 -521.854 -7355.86
1935 -406.874 872.544 -7315.27
1936 -1039.42 2229.05 -6956.27
1937 -1626.81 3488.71 -6294.32
1938 -2143.44 4596.62 -5357.95
1939 -2566.71 5504.33 -4187.68
1940 -2878.04 6171.97 -2834.35
1941 -3063.66 6570.05 -1356.93
1942 -3115.33 6680.84 179.943
1943 -3030.67 6499.29 1708.92
1944 -2813.34 6033.22 3162.91
1945 -2472.86 5303.06 4478.1
1946 -2024.16 4340.83 5596.87
1947 -1486.94 3188.75 6470.26
1948 -884.714 1897.28 7060.15
1949 -243.837 522.909 7340.82
1950 437.957 -859.538 7300.07
1951 1118.72 -2195.61 6939.67
1952 1750.6 -3435.74 6275.3
1953 2305.94 -4525.67 5335.93
1954 2760.42 -5417.63 4162.59
1955 3094.09 -6072.48 2806.65
1956 3292.3 -6461.51 1327.54
1957 3346.41 -6567.7 -209.828
1958 3254.1 -6386.53 -1738
1959 3019.54 -5926.18 -3190.02
1960 2653.14 -5207.09 -4502.44
1961 2171.07 -4260.96 -5618.1
1962 1594.47 -3129.33 -6488.6
1963 948.544 -1861.62 -7076.29
1964 261.409 -513.043 -7355.86
1965 -437.078 857.813 -7315.27
1966 -1116.58 2191.42 -6956.27
1967 -1747.57 3429.81 -6294.32
1968 -2302.55 4519.01 -5357.95
1969 -2757.25 5411.4 -4187.68
1970 -3091.68 6067.77 -2834.35
1971 -3291.09 6459.12 -1356.93
1972 -3346.59 6568.05 179.943
1973 -3255.64 6389.56 1708.92
1974 -3022.18 5931.37 3162.91
1975 -2656.42 5213.53 4478.1
1976 -2174.42 4267.54 5596.87
1977 -1597.32 3134.91 6470.26
1978 -950.389 1865.24 7060.15
1979 -261.937 514.081 7340.82
1980 452.891 -851.764 7300.07
1981 1156.87 -2175.75 6939.67
1982 1810.29 -3404.67 6275.3
1983 2384.58 -4484.73 5335.93
1984 2854.55 -5368.63 4162.59
1985 3199.59 -6017.56 2806.65
1986 3404.57 -6403.07 1327.54
1987 3460.52 -6508.29 -209.828
1988 3365.06 -6328.76 -1738
1989 3122.51 -5872.58 -3190.02
1990 2743.61 -5159.99 -4502.44
1991 2245.1 -4222.42 -5618.1
1992 1648.84 -3101.02 -6488.6
1993 980.889 -1844.78 -7076.29
1994 270.323 -508.403 -7355.86
1995 -451.982 850.054 -7315.27
1996 -1154.66 2171.6 -6956.27
1997 -1807.17 3398.78 -6294.32
1998 -2381.07 4478.14 -5357.95
1999 -2851.27 5362.46 -4187.68
2000 -3197.11 6012.89 -2834.35
2001 -3403.31 6400.7 -1356.93
2002 -3460.71 6508.64 179.943
2003 -3366.66 6331.77 1708.92
2004 -3125.24 5877.72 3162.91
2005 -2747.01 5166.37 4478.1
2006 -2248.57 4228.94 5596.87
2007 -1651.79 3106.56 6470.26
2008 -982.798 1848.37 7060.15
2009 -270.869 509.431 7340.82
2010 546.087 -945.851 7282.12
2011 1292.58 -2238.82 6895.6
2012 1982.6 -3433.96 6207.03
2013 2585.93 -4478.96 5246.44
2014 3076.14 -5328.03 4055.8
2015 3431.72 -5943.92 2687.22
2016 3637.07 -6299.59 1200.73
2017 3683.22 -6379.52 -338.461
2018 3568.23 -6180.35 -1862.81
2019 3297.27 -5711.03 -3305.56
2020 2882.36 -4992.39 -4603.66
2021 2341.8 -4056.11 -5700.6
2022 1699.29 -2943.25 -6548.81
2023 982.898 -1702.43 -7111.61
2024 223.811 -387.652 -7364.77
2025 -544.994 943.957 -7297.39
2026 -1290.13 2234.57 -6912.37
2027 -1979.21 3428.09 -6226.28
2028 -2582.19 4472.49 -5268.72
2029 -3072.7 5322.07 -4081.13
2030 -3429.17 5939.49 -2715.11
2031 -3635.85 6297.48 -1230.21
2032 -3683.55 6380.09 308.595
2033 -3570.04 6183.5 1833.86
2034 -3300.26 5716.21 3278.65
2035 -2886 4998.71 4579.58
2036 -2345.47 4062.46 5679.63
2037 -1702.35 2948.55 6530.69
2038 -984.82 1705.76 7095.61
2039 -224.264 388.437 7349.77
2040 578.764 -926.217 7282.12
2041 1369.93 -2192.35 6895.6
2042 2101.23 -3362.67 6207.03
2043 2740.67 -4385.99 5246.44
2044 3260.21 -5217.43 4055.8
2045 3637.07 -5820.53 2687.22
2046 3854.71 -6168.82 1200.73
2047 3903.62 -6247.09 -338.461
2048 3781.74 -6052.06 -1862.81
2049 3494.57 -5592.48 -3305.56
2050 3054.83 -4888.76 -4603.66
2051 2481.93 -3971.91 -5700.6
2052 1800.97 -2882.16 -6548.81
2053 1041.71 -1667.09 -7111.61
2054 237.204 -379.605 -7364.77
2055 -577.606 924.362 -7297.39
2056 -1367.33 2188.19 -6912.37
2057 -2097.64 3356.93 -6226.28
2058 -2736.71 4379.64 -5268.72
2059 -3256.56 5211.59 -4081.13
2060 -3634.37 5816.2 -2715.11
2061 -3853.42 6166.76 -1230.21
2062 -3903.97 6247.65 308.595
2063 -3783.67 6055.14 1833.86
2064 -3497.74 5597.55 3278.65
2065 -3058.7 4894.94 4579.58
2066 -2485.81 3978.13 5679.63
2067 -1804.21 2887.35 6530.69
2068 -1043.75 1670.35 7095.61
2069 -237.684 380.374 7349.77
2070 610.736 -905.454 7282.12
2071 1445.61 -2143.2 6895.6
2072 2217.31 -3287.29 6207.03
2073 2892.07 -4287.67 5246.44
2074 3440.31 -5100.47 4055.8
2075 3837.99 -5690.05 2687.22
2076 4067.65 -6030.54 1200.73
2077 4119.26 -6107.05 -338.461
2078 3990.65 -5916.39 -1862.81
2079 3687.62 -5467.11 -3305.56
2080 3223.59 -4779.17 -4603.66
2081 2619.03 -3882.87 -5700.6
2082 1900.46 -2817.55 -6548.81
2083 1099.26 -1629.72 -7111.61
2084 250.307 -371.096 -7364.77
2085 -609.514 903.641 -7297.39
2086 -1442.87 2139.14 -6912.37
2087 -2213.52 3281.68 -6226.28
2088 -2887.89 4281.47 -5268.72
2089 -3436.46 5094.76 -4081.13
2090 -3835.13 5685.82 -2715.11
2091 -4066.29 6028.52 -1230.21
2092 -4119.63 6107.6 308.595
2093 -3992.69 5919.4 1833.86
2094 -3690.96 5472.07 3278.65
2095 -3227.67 4785.21 4579.58
2096 -2623.13 3888.96 5679.63
2097 -1903.88 2822.62 6530.69
2098 -1101.41 1632.91 7095.61
2099 -250.814 371.847 7349.77
2100 641.964 -883.588 7282.12
2101 1519.52 -2091.44 6895.6
2102 2330.68 -3207.91 6207.03
2103 3039.94 -4184.12 5246.44
2104 3616.22 -4977.3 4055.8
2105 4034.23 -5552.64 2687.22
2106 4275.63 -5884.91 1200.73
2107 4329.88 -5959.57 -338.461
2108 4194.7 -5773.51 -1862.81
2109 3876.17 -5335.09 -3305.56
2110 3388.42 -4663.75 -4603.66
2111 2752.95 -3789.11 -5700.6
2112 1997.63 -2749.51 -6548.81
2113 1155.47 -1590.36 -7111.61
2114 263.106 -362.134 -7364.77
2115 -640.679 881.819 -7297.39
2116 -1516.64 2087.48 -6912.37
2117 -2326.7 3202.43 -6226.28
2118 -3035.55 4178.07 -5268.72
2119 -3612.17 4971.73 -4081.13
2120 -4031.23 5548.51 -2715.11
2121 -4274.2 5882.94 -1230.21
2122 -4330.27 5960.11 308.595
2123 -4196.84 5776.45 1833.86
2124 -3879.68 5339.93 3278.65
2125 -3392.7 4669.65 4579.58
2126 -2757.26 3795.04 5679.63
2127 -2001.23 2754.46 6530.69
2128 -1157.73 1593.47 7095.61
2129 -263.639 362.867 7349.77
2130 657.287 -872.249 7282.12
2131 1555.79 -2064.61 6895.6
2132 2386.31 -3166.74 6207.03
2133 3112.5 -4130.43 5246.44
2134 3702.54 -4913.43 4055.8
2135 4130.52 -5481.39 2687.22
2136 4377.69 -5809.39 1200.73
2137 4433.23 -5883.1 -338.461
2138 4294.82 -5699.42 -1862.81
2139 3968.69 -5266.63 -3305.56
2140 3469.29 -4603.91 -4603.66
2141 2818.66 -3740.48 -5700.6
2142 2045.31 -2714.22 -6548.81
2143 1183.05 -1569.95 -7111.61
2144 269.386 -357.487 -7364.77
2145 -655.971 870.503 -7297.39
2146 -1552.84 2060.69 -6912.37
2147 -2382.24 3161.33 -6226.28
2148 -3108 4124.46 -5268.72
2149 -3698.39 4907.93 -4081.13
2150 -4127.45 5477.31 -2715.11
2151 -4376.22 5807.44 -1230.21
2152 -4433.63 5883.62 308.595
2153 -4297.01 5702.33 1833.86
2154 -3972.29 5271.4 3278.65
2155 -3473.68 4609.73 4579.58
2156 -2823.07 3746.34 5679.63
2157 -2049 2719.11 6530.69
2158 -1185.36 1573.02 7095.61
2159 -269.931 358.211 7349.77
2160 687.328 -848.779 7282.12
2161 1626.9 -2009.05 6895.6
2162 2495.38 -3081.53 6207.03
2163 3254.76 -4019.29 5246.44
2164 3871.76 -4781.22 4055.8
2165 4319.3 -5333.9 2687.22
2166 4577.77 -5653.07 1200.73
2167 4635.85 -5724.8 -338.461
2168 4491.12 -5546.07 -1862.81
2169 4150.07 -5124.91 -3305.56
2170 3627.85 -4480.03 -4603.66
2171 2947.48 -3639.83 -5700.6
2172 2138.79 -2641.19 -6548.81
2173 1237.12 -1527.71 -7111.61
2174 281.698 -347.868 -7364.77
2175 -685.952 847.08 -7297.39
2176 -1623.81 2005.24 -6912.37
2177 -2491.11 3076.27 -6226.28
2178 -3250.05 4013.48 -5268.72
2179 -3867.42 4775.87 -4081.13
2180 -4316.09 5329.93 -2715.11
2181 -4576.23 5651.18 -1230.21
2182 -4636.26 5725.31 308.595
2183 -4493.4 5548.89 1833.86
2184 -4153.84 5129.56 3278.65
2185 -3632.44 4485.69 4579.58
2186 -2952.1 3645.54 5679.63
2187 -2142.64 2645.94 6530.69
2188 -1239.53 1530.7 7095.61
2189 -282.268 348.572 7349.77
2190 716.531 -824.275 7282.12
2191 1696.02 -1951.05 6895.6
2192 2601.4 -2992.57 6207.03
2193 3393.05 -3903.25 5246.44
2194 4036.26 -4643.19 4055.8
2195 4502.82 -5179.91 2687.22
2196 4772.27 -5489.87 1200.73
2197 4832.82 -5559.52 -338.461
2198 4681.93 -5385.95 -1862.81
2199 4326.4 -4976.96 -3305.56
2200 3781.99 -4350.69 -4603.66
2201 3072.71 -3534.75 -5700.6
2202 2229.67 -2564.94 -6548.81
2203 1289.68 -1483.61 -7111.61
2204 293.667 -337.825 -7364.77
2205 -715.096 822.624 -7297.39
2206 -1692.81 1947.35 -6912.37
2207 -2596.96 2987.46 -6226.28
2208 -3388.14 3897.61 -5268.72
2209 -4031.74 4637.99 -4081.13
2210 -4499.47 5176.05 -2715.11
2211 -4770.67 5488.03 -1230.21
2212 -4833.25 5560.02 308.595
2213 -4684.32 5388.69 1833.86
2214 -4330.33 4981.47 3278.65
2215 -3786.78 4356.19 4579.58
2216 -3077.53 3540.29 5679.63
2217 -2233.68 2569.56 6530.69
2218 -1292.2 1486.51 7095.61
2219 -294.261 338.509 7349.77
2220 744.861 -798.766 7282.12
2221 1763.08 -1890.67 6895.6
2222 2704.26 -2899.96 6207.03
2223 3527.2 -3782.46 5246.44
2224 4195.85 -4499.49 4055.8
2225 4680.86 -5019.6 2687.22
2226 4960.95 -5319.97 1200.73
2227 5023.9 -5387.47 -338.461
2228 4867.05 -5219.27 -1862.81
2229 4497.46 -4822.94 -3305.56
2230 3931.53 -4216.05 -4603.66
2231 3194.2 -3425.36 -5700.6
2232 2317.82 -2485.56 -6548.81
2233 1340.67 -1437.69 -7111.61
2234 305.278 -327.37 -7364.77
2235 -743.37 797.167 -7297.39
2236 -1759.74 1887.09 -6912.37
2237 -2699.63 2895 -6226.28
2238 -3522.1 3776.99 -5268.72
2239 -4191.15 4494.46 -4081.13
2240 -4677.38 5015.87 -2715.11
2241 -4959.29 5318.19 -1230.21
2242 -5024.35 5387.95 308.595
2243 -4869.53 5221.93 1833.86
2244 -4501.54 4827.31 3278.65
2245 -3936.5 4221.38 4579.58
2246 -3199.21 3430.73 5679.63
2247 -2322 2490.04 6530.69
2248 -1343.29 1440.5 7095.61
2249 -305.896 328.033 7349.77
2250 862.2 -862.2 7261.95
2251 1912.98 -1912.98 6849.43
2252 2880.16 -2880.16 6136.87
2253 3721.41 -3721.41 5155.35
2254 4399.86 -4399.86 3947.77
2255 4885.74 -4885.74 2566.98
2256 5157.74 -5157.74 1073.55
2257 5203.98 -5203.98 -466.992
2258 5022.55 -5022.55 -1987.06
2259 4621.61 -4621.61 -3420.09
2260 4018.94 -4018.94 -4703.48
2261 3241.07 -3241.07 -5781.37
2262 2322.14 -2322.14 -6607.03
2263 1302.24 -1302.24 -7144.78
2264 225.784 -225.784 -7371.45
2265 -860.478 860.478 -7277.3
2266 -1909.37 1909.37 -6866.37
2267 -2875.29 2875.29 -6156.36
2268 -3716.12 3716.12 -5177.89
2269 -4395.07 4395.07 -3973.34
2270 -4882.27 4882.27 -2595.04
2271 -5156.19 5156.19 -1103.12
2272 -5204.62 5204.62 437.153
2273 -5025.28 5025.28 1958.24
2274 -4625.95 4625.95 3393.39
2275 -4024.13 4024.13 4679.65
2276 -3246.22 3246.22 5760.65
2277 -2326.35 2326.35 6589.12
2278 -1304.8 1304.8 7128.9
2279 -226.242 226.242 7356.48
2280 877.116 -847.021 7261.95
2281 1946.07 -1879.3 6849.43
2282 2929.98 -2829.45 6136.87
2283 3785.79 -3655.89 5155.35
2284 4475.98 -4322.4 3947.77
2285 4970.27 -4799.73 2566.98
2286 5246.97 -5066.94 1073.55
2287 5294.01 -5112.36 -466.992
2288 5109.44 -4934.13 -1987.06
2289 4701.57 -4540.25 -3420.09
2290 4088.46 -3948.18 -4703.48
2291 3297.15 -3184.02 -5781.37
2292 2362.31 -2281.26 -6607.03
2293 1324.77 -1279.32 -7144.78
2294 229.69 -221.809 -7371.45
2295 -875.365 845.33 -7277.3
2296 -1942.4 1875.76 -6866.37
2297 -2925.03 2824.67 -6156.36
2298 -3780.41 3650.7 -5177.89
2299 -4471.1 4317.69 -3973.34
2300 -4966.73 4796.32 -2595.04
2301 -5245.39 5065.42 -1103.12
2302 -5294.66 5113 437.153
2303 -5112.22 4936.81 1958.24
2304 -4705.98 4544.51 3393.39
2305 -4093.75 3953.29 4679.65
2306 -3302.38 3189.08 5760.65
2307 -2366.6 2285.4 6589.12
2308 -1327.37 1281.83 7128.9
2309 -230.156 222.259 7356.48
2310 906.142 -815.894 7261.95
2311 2010.47 -1810.24 6849.43
2312 3026.94 -2725.47 6136.87
2313 3911.07 -3521.55 5155.35
2314 4624.1 -4163.56 3947.77
2315 5134.75 -4623.35 2566.98
2316 5420.61 -4880.73 1073.55
2317 5469.2 -4924.49 -466.992
2318 5278.53 -4752.81 -1987.06
2319 4857.16 -4373.4 -3420.09
2320 4223.76 -3803.09 -4703.48
2321 3406.26 -3067.01 -5781.37
2322 2440.48 -2197.42 -6607.03
2323 1368.61 -1232.3 -7144.78
2324 237.292 -213.658 -7371.45
2325 -904.333 814.265 -7277.3
2326 -2006.68 1806.83 -6866.37
2327 -3021.83 2720.87 -6156.36
2328 -3905.52 3516.54 -5177.89
2329 -4619.06 4159.02 -3973.34
2330 -5131.1 4620.06 -2595.04
2331 -5418.98 4879.27 -1103.12
2332 -5469.88 4925.1 437.153
2333 -5281.4 4755.39 1958.24
2334 -4861.72 4377.51 3393.39
2335 -4229.22 3808.01 4679.65
2336 -3411.67 3071.88 5760.65
2337 -2444.92 2201.41 6589.12
2338 -1371.3 1234.72 7128.9
2339 -237.772 214.091 7356.48
2340 934.064 -783.773 7261.95
2341 2072.42 -1738.97 6849.43
2342 3120.22 -2618.17 6136.87
2343 4031.59 -3382.91 5155.35
2344 4766.59 -3999.64 3947.77
2345 5292.97 -4441.33 2566.98
2346 5587.64 -4688.59 1073.55
2347 5637.73 -4730.62 -466.992
2348 5441.19 -4565.7 -1987.06
2349 5006.83 -4201.23 -3420.09
2350 4353.92 -3653.37 -4703.48
2351 3511.22 -2946.26 -5781.37
2352 2515.69 -2110.91 -6607.03
2353 1410.79 -1183.79 -7144.78
2354 244.604 -205.247 -7371.45
2355 -932.199 782.208 -7277.3
2356 -2068.52 1735.69 -6866.37
2357 -3114.95 2613.75 -6156.36
2358 -4025.86 3378.1 -5177.89
2359 -4761.4 3995.29 -3973.34
2360 -5289.21 4438.17 -2595.04
2361 -5585.96 4687.18 -1103.12
2362 -5638.43 4731.21 437.153
2363 -5444.14 4568.18 1958.24
2364 -5011.53 4205.17 3393.39
2365 -4359.54 3658.09 4679.65
2366 -3516.8 2950.94 5760.65
2367 -2520.26 2114.75 6589.12
2368 -1413.56 1186.11 7128.9
2369 -245.099 205.663 7356.48
2370 960.849 -750.697 7261.95
2371 2131.85 -1665.58 6849.43
2372 3209.69 -2507.69 6136.87
2373 4147.2 -3240.14 5155.35
2374 4903.27 -3830.86 3947.77
2375 5444.75 -4253.9 2566.98
2376 5747.86 -4490.72 1073.55
2377 5799.39 -4530.98 -466.992
2378 5597.21 -4373.02 -1987.06
2379 5150.4 -4023.93 -3420.09
2380 4478.76 -3499.19 -4703.48
2381 3611.9 -2821.93 -5781.37
2382 2587.82 -2021.83 -6607.03
2383 1451.24 -1133.83 -7144.78
2384 251.618 -196.585 -7371.45
2385 -958.93 749.198 -7277.3
2386 -2127.83 1662.45 -6866.37
2387 -3204.27 2503.45 -6156.36
2388 -4141.3 3235.54 -5177.89
2389 -4897.93 3826.68 -3973.34
2390 -5440.88 4250.88 -2595.04
2391 -5746.14 4489.38 -1103.12
2392 -5800.11 4531.55 437.153
2393 -5600.25 4375.4 1958.24
2394 -5155.23 4027.71 3393.39
2395 -4484.55 3503.72 4679.65
2396 -3617.64 2826.41 5760.65
2397 -2592.52 2025.5 6589.12
2398 -1454.09 1136.06 7128.9
2399 -252.127 196.984 7356.48
2400 986.462 -716.707 7261.95
2401 2188.68 -1590.17 6849.43
2402 3295.25 -2394.14 6136.87
2403 4257.75 -3093.44 5155.35
2404 5033.98 -3657.4 3947.77
2405 5589.89 -4061.29 2566.98
2406 5901.09 -4287.39 1073.55
2407 5953.99 -4325.83 -466.992
2408 5746.42 -4175.02 -1987.06
2409 5287.7 -3841.74 -3420.09
2410 4598.16 -3340.76 -4703.48
2411 3708.19 -2694.16 -5781.37
2412 2656.81 -1930.28 -6607.03
2413 1489.93 -1082.49 -7144.78
2414 258.325 -187.684 -7371.45
2415 -984.493 715.276 -7277.3
2416 -2184.56 1587.17 -6866.37
2417 -3289.69 2390.1 -6156.36
2418 -4251.7 3089.04 -5177.89
2419 -5028.49 3653.41 -3973.34
2420 -5585.92 4058.41 -2595.04
2421 -5899.32 4286.1 -1103.12
2422 -5954.73 4326.36 437.153
2423 -5749.54 4177.29 1958.24
2424 -5292.66 3845.34 3393.39
2425 -4604.1 3345.07 4679.65
2426 -3714.08 2698.44 5760.65
2427 -2661.63 1933.79 6589.12
2428 -1492.85 1084.62 7128.9
2429 -258.849 188.064 7356.48
2430 998.82 -699.382 7261.95
2431 2216.1 -1551.73 6849.43
2432 3336.53 -2336.27 6136.87
2433 4311.09 -3018.66 5155.35
2434 5097.04 -3568.99 3947.77
2435 5659.92 -3963.12 2566.98
2436 5975.01 -4183.75 1073.55
2437 6028.58 -4221.25 -466.992
2438 5818.41 -4074.09 -1987.06
2439 5353.94 -3748.87 -3420.09
2440 4655.76 -3260 -4703.48
2441 3754.64 -2629.03 -5781.37
2442 2690.09 -1883.62 -6607.03
2443 1508.59 -1056.33 -7144.78
2444 261.561 -183.147 -7371.45
2445 -996.826 697.985 -7277.3
2446 -2211.92 1548.81 -6866.37
2447 -3330.9 2332.32 -6156.36
2448 -4304.96 3014.37 -5177.89
2449 -5091.49 3565.1 -3973.34
2450 -5655.89 3960.3 -2595.04
2451 -5973.22 4182.49 -1103.12
2452 -6029.33 4221.78 437.153
2453 -5821.57 4076.31 1958.24
2454 -5358.96 3752.39 3393.39
2455 -4661.78 3264.21 4679.65
2456 -3760.61 2633.21 5760.65
2457 -2694.98 1887.04 6589.12
2458 -1511.55 1058.4 7128.9
2459 -262.091 183.518 7356.48
2460 1022.62 -664.097 7261.95
2461 2268.9 -1473.44 6849.43
2462 3416.04 -2218.4 6136.87
2463 4413.81 -2866.36 5155.35
2464 5218.5 -3388.93 3947.77
2465 5794.78 -3763.17 2566.98
2466 6117.38 -3972.68 1073.55
2467 6172.22 -4008.29 -466.992
2468 5957.05 -3868.55 -1987.06
2469 5481.51 -3559.73 -3420.09
2470 4766.7 -3095.53 -4703.48
2471 3844.11 -2496.39 -5781.37
2472 2754.19 -1788.59 -6607.03
2473 1544.54 -1003.03 -7144.78
2474 267.794 -173.907 -7371.45
2475 -1020.58 662.771 -7277.3
2476 -2264.63 1470.67 -6866.37
2477 -3410.26 2214.65 -6156.36
2478 -4407.54 2862.29 -5177.89
2479 -5212.81 3385.24 -3973.34
2480 -5790.66 3760.5 -2595.04
2481 -6115.55 3971.48 -1103.12
2482 -6172.99 4008.79 437.153
2483 -5960.28 3870.65 1958.24
2484 -5486.65 3563.07 3393.39
2485 -4772.86 3099.53 4679.65
2486 -3850.22 2500.36 5760.65
2487 -2759.19 1791.84 6589.12
2488 -1547.57 1005 7128.9
2489 -268.336 174.26 7356.48
2490 1045.17 -628.004 7261.95
2491 2318.94 -1393.36 6849.43
2492 3491.38 -2097.83 6136.87
2493 4511.16 -2710.58 5155.35
2494 5333.59 -3204.74 3947.77
2495 5922.58 -3558.65 2566.98
2496 6252.3 -3756.76 1073.55
2497 6308.35 -3790.44 -466.992
2498 6088.43 -3658.3 -1987.06
2499 5602.4 -3366.26 -3420.09
2500 4871.83 -2927.29 -4703.48
2501 3928.89 -2360.71 -5781.37
2502 2814.93 -1691.38 -6607.03
2503 1578.6 -948.52 -7144.78
2504 273.7 -164.455 -7371.45
2505 -1043.09 626.75 -7277.3
2506 -2314.57 1390.74 -6866.37
2507 -3485.48 2094.29 -6156.36
2508 -4504.75 2706.73 -5177.89
2509 -5327.78 3201.25 -3973.34
2510 -5918.37 3556.12 -2595.04
2511 -6250.43 3755.64 -1103.12
2512 -6309.14 3790.91 437.153
2513 -6091.74 3660.29 1958.24
2514 -5607.66 3369.42 3393.39
2515 -4878.12 2931.07 4679.65
2516 -3935.13 2364.47 5760.65
2517 -2820.05 1694.46 6589.12
2518 -1581.7 950.383 7128.9
2519 -274.254 164.789 7356.48
2520 1177.35 -652.613 7239.56
2521 2470.56 -1369.45 6801.16
2522 3655.8 -2026.44 6064.83
2523 4681.2 -2594.83 5062.69
2524 5501.8 -3049.7 3838.52
2525 6081.59 -3371.08 2445.95
2526 6395.15 -3544.89 946.042
2527 6428.79 -3563.54 -595.379
2528 6181.21 -3426.3 -2110.7
2529 5663.5 -3139.33 -3533.57
2530 4898.59 -2715.33 -4801.86
2531 3920.19 -2172.99 -5860.38
2532 2771.16 -1536.08 -6663.24
2533 1501.67 -832.392 -7175.77
2534 166.961 -92.548 -7375.89
2535 -1175 651.314 -7255
2536 -2465.94 1366.89 -6818.29
2537 -3649.7 2023.06 -6084.56
2538 -4674.67 2591.21 -5085.49
2539 -5495.97 3046.47 -3864.33
2540 -6077.47 3368.8 -2474.18
2541 -6393.46 3543.95 -975.683
2542 -6429.82 3564.11 565.577
2543 -6184.78 3428.28 2082.02
2544 -5668.99 3142.37 3507.09
2545 -4905.05 2718.92 4778.29
2546 -3926.5 2176.5 5839.91
2547 -2776.24 1538.89 6645.54
2548 -1504.64 834.034 7160.02
2549 -167.3 92.7357 7360.94
2550 1199.4 -611.127 7239.56
2551 2516.85 -1282.4 6801.16
2552 3724.3 -1897.62 6064.83
2553 4768.91 -2429.88 5062.69
2554 5604.88 -2855.83 3838.52
2555 6195.54 -3156.78 2445.95
2556 6514.97 -3319.54 946.042
2557 6549.24 -3337 -595.379
2558 6297.02 -3208.49 -2110.7
2559 5769.61 -2939.76 -3533.57
2560 4990.37 -2542.72 -4801.86
2561 3993.63 -2034.86 -5860.38
2562 2823.08 -1438.43 -6663.24
2563 1529.81 -779.477 -7175.77
2564 170.089 -86.6648 -7375.89
2565 -1197.02 609.911 -7255
2566 -2512.14 1280 -6818.29
2567 -3718.08 1894.46 -6084.56
2568 -4762.25 2426.49 -5085.49
2569 -5598.94 2852.8 -3864.33
2570 -6191.34 3154.64 -2474.18
2571 -6513.24 3318.66 -975.683
2572 -6550.29 3337.54 565.577
2573 -6300.66 3210.35 2082.02
2574 -5775.2 2942.61 3507.09
2575 -4996.96 2546.08 4778.29
2576 -4000.07 2038.14 5839.91
2577 -2828.25 1441.07 6645.54
2578 -1532.83 781.015 7160.02
2579 -170.434 86.8405 7360.94
2580 1209.89 -590.102 7239.56
2581 2538.84 -1238.28 6801.16
2582 3756.85 -1832.34 6064.83
2583 4810.59 -2346.28 5062.69
2584 5653.87 -2757.58 3838.52
2585 6249.69 -3048.18 2445.95
2586 6571.91 -3205.33 946.042
2587 6606.48 -3222.2 -595.379
2588 6352.06 -3098.1 -2110.7
2589 5820.03 -2838.62 -3533.57
2590 5033.99 -2455.24 -4801.86
2591 4028.54 -1964.85 -5860.38
2592 2847.76 -1388.94 -6663.24
2593 1543.18 -752.66 -7175.77
2594 171.576 -83.6831 -7375.89
2595 -1207.48 588.927 -7255
2596 -2534.09 1235.96 -6818.29
2597 -3750.58 1829.28 -6084.56
2598 -4803.88 2343.01 -5085.49
2599 -5647.88 2754.65 -3864.33
2600 -6245.45 3046.11 -2474.18
2601 -6570.17 3204.49 -975.683
2602 -6607.54 3222.71 565.577
2603 -6355.73 3099.89 2082.02
2604 -5825.68 2841.37 3507.09
2605 -5040.63 2458.48 4778.29
2606 -4035.03 1968.02 5839.91
2607 -2852.97 1391.49 6645.54
2608 -1546.22 754.144 7160.02
2609 -171.924 83.8528 7360.94
2610 1229.74 -547.518 7239.56
2611 2580.51 -1148.92 6801.16
2612 3818.51 -1700.11 6064.83
2613 4889.54 -2176.96 5062.69
2614 5746.66 -2558.58 3838.52
2615 6352.26 -2828.21 2445.95
2616 6679.77 -2974.03 946.042
2617 6714.91 -2989.67 -595.379
2618 6456.31 -2874.53 -2110.7
2619 5915.55 -2633.77 -3533.57
2620 5116.61 -2278.06 -4801.86
2621 4094.66 -1823.06 -5860.38
2622 2894.5 -1288.71 -6663.24
2623 1568.51 -698.345 -7175.77
2624 174.392 -77.6442 -7375.89
2625 -1227.3 546.428 -7255
2626 -2575.68 1146.77 -6818.29
2627 -3812.13 1697.27 -6084.56
2628 -4882.72 2173.93 -5085.49
2629 -5740.57 2555.87 -3864.33
2630 -6347.96 2826.29 -2474.18
2631 -6678 2973.24 -975.683
2632 -6715.98 2990.15 565.577
2633 -6460.04 2876.19 2082.02
2634 -5921.29 2636.33 3507.09
2635 -5123.36 2281.07 4778.29
2636 -4101.25 1826 5839.91
2637 -2899.8 1291.07 6645.54
2638 -1571.6 699.722 7160.02
2639 -174.745 77.8017 7360.94
2640 1248.1 -504.267 7239.56
2641 2619.04 -1058.16 6801.16
2642 3875.52 -1565.81 6064.83
2643 4962.54 -2005 5062.69
2644 5832.45 -2356.46 3838.52
2645 6447.09 -2604.79 2445.95
2646 6779.49 -2739.09 946.042
2647 6815.16 -2753.5 -595.379
2648 6552.7 -2647.46 -2110.7
2649 6003.87 -2425.72 -3533.57
2650 5192.99 -2098.11 -4801.86
2651 4155.79 -1679.05 -5860.38
2652 2937.71 -1186.91 -6663.24
2653 1591.92 -643.179 -7175.77
2654 176.995 -71.5107 -7375.89
2655 -1245.62 503.263 -7255
2656 -2614.14 1056.18 -6818.29
2657 -3869.04 1563.2 -6084.56
2658 -4955.61 2002.2 -5085.49
2659 -5826.27 2353.97 -3864.33
2660 -6442.72 2603.03 -2474.18
2661 -6777.7 2738.37 -975.683
2662 -6816.25 2753.94 565.577
2663 -6556.48 2648.99 2082.02
2664 -6009.69 2428.07 3507.09
2665 -5199.85 2100.87 4778.29
2666 -4162.48 1681.75 5839.91
2667 -2943.09 1189.09 6645.54
2668 -1595.06 644.448 7160.02
2669 -177.354 71.6557 7360.94
2670 1264.94 -460.401 7239.56
2671 2654.37 -966.112 6801.16
2672 3927.8 -1429.6 6064.83
2673 5029.49 -1830.58 5062.69
2674 5911.14 -2151.48 3838.52
2675 6534.07 -2378.21 2445.95
2676 6870.96 -2500.82 946.042
2677 6907.1 -2513.98 -595.379
2678 6641.1 -2417.16 -2110.7
2679 6084.87 -2214.71 -3533.57
2680 5263.05 -1915.59 -4801.86
2681 4211.85 -1532.99 -5860.38
2682 2977.34 -1083.66 -6663.24
2683 1613.4 -587.23 -7175.77
2684 179.383 -65.2901 -7375.89
2685 -1262.42 459.485 -7255
2686 -2649.4 964.305 -6818.29
2687 -3921.24 1427.22 -6084.56
2688 -5022.47 1828.03 -5085.49
2689 -5904.88 2149.2 -3864.33
2690 -6529.64 2376.6 -2474.18
2691 -6869.14 2500.16 -975.683
2692 -6908.21 2514.38 565.577
2693 -6644.94 2418.56 2082.02
2694 -6090.77 2216.86 3507.09
2695 -5270 1918.12 4778.29
2696 -4218.64 1535.46 5839.91
2697 -2982.8 1085.65 6645.54
2698 -1616.58 588.389 7160.02
2699 -179.747 65.4225 7360.94
2700 1280.24 -415.975 7239.56
2701 2686.47 -872.887 6801.16
2702 3975.3 -1291.65 6064.83
2703 5090.31 -1653.94 5062.69
2704 5982.63 -1943.87 3838.52
2705 6613.09 -2148.72 2445.95
2706 6954.05 -2259.51 946.042
2707 6990.63 -2271.39 -595.379
2708 6721.41 -2183.92 -2110.7
2709 6158.45 -2001 -3533.57
2710 5326.7 -1730.75 -4801.86
2711 4262.79 -1385.06 -5860.38
2712 3013.35 -979.096 -6663.24
2713 1632.91 -530.565 -7175.77
2714 181.552 -58.99 -7375.89
2715 -1277.69 415.147 -7255
2716 -2681.44 871.254 -6818.29
2717 -3968.66 1289.5 -6084.56
2718 -5083.21 1651.63 -5085.49
2719 -5976.28 1941.81 -3864.33
2720 -6608.61 2147.27 -2474.18
2721 -6952.21 2258.91 -975.683
2722 -6991.75 2271.76 565.577
2723 -6725.29 2185.18 2082.02
2724 -6164.43 2002.94 3507.09
2725 -5333.73 1733.03 4778.29
2726 -4269.66 1387.3 5839.91
2727 -3018.87 980.889 6645.54
2728 -1636.13 531.612 7160.02
2729 -181.921 59.1096 7360.94
2730 1287.3 -393.568 7239.56
2731 2701.3 -825.869 6801.16
2732 3997.24 -1222.08 6064.83
2733 5118.4 -1564.85 5062.69
2734 6015.64 -1839.17 3838.52
2735 6649.58 -2032.98 2445.95
2736 6992.42 -2137.8 946.042
2737 7029.21 -2149.04 -595.379
2738 6758.5 -2066.28 -2110.7
2739 6192.44 -1893.22 -3533.57
2740 5356.1 -1637.52 -4801.86
2741 4286.31 -1310.46 -5860.38
2742 3029.98 -926.356 -6663.24
2743 1641.92 -501.986 -7175.77
2744 182.554 -55.8125 -7375.89
2745 -1284.74 392.785 -7255
2746 -2696.24 824.324 -6818.29
2747 -3990.56 1220.04 -6084.56
2748 -5111.26 1562.67 -5085.49
2749 -6009.26 1837.22 -3864.33
2750 -6645.08 2031.6 -2474.18
2751 -6990.57 2137.23 -975.683
2752 -7030.33 2149.39 565.577
2753 -6762.41 2067.48 2082.02
2754 -6198.44 1895.05 3507.09
2755 -5363.16 1639.68 4778.29
2756 -4293.22 1312.57 5839.91
2757 -3035.53 928.053 6645.54
2758 -1645.16 502.977 7160.02
2759 -182.924 55.9256 7360.94
2760 1422.33 -381.112 7214.96
2761 2842.94 -761.763 6750.82
2762 4139.31 -1109.12 5990.94
2763 5254.68 -1407.99 4968.47
2764 6140.15 -1645.25 3728.11
2765 6756.87 -1810.5 2324.17
2766 7077.79 -1896.49 818.247
2767 7088.92 -1899.47 -723.585
2768 6789.98 -1819.37 -2233.7
2769 6194.33 -1659.77 -3645.98
2770 5328.35 -1427.73 -4898.78
2771 4230.17 -1133.47 -5937.6
2772 2947.89 -789.886 -6717.43
2773 1537.49 -411.968 -7204.59
2774 60.299 -16.1571 -7378.1
2775 -1419.51 380.355 -7230.5
2776 -2837.66 760.349 -6768.14
2777 -4132.48 1107.29 -6010.92
2778 -5247.48 1406.06 -4991.53
2779 -6133.83 1643.55 -3754.15
2780 -6752.51 1809.33 -2352.56
2781 -7076.16 1896.05 -847.951
2782 -7090.31 1899.84 693.828
2783 -6794.13 1820.48 2205.16
2784 -6200.53 1661.43 3619.73
2785 -5335.52 1429.65 4875.47
2786 -4237.07 1135.32 5917.39
2787 -2953.34 791.345 6699.93
2788 -1540.53 412.784 7188.95
2789 -60.4213 16.1898 7363.16
2790 1434.76 -331.241 7214.96
2791 2867.79 -662.082 6750.82
2792 4175.49 -963.989 5990.94
2793 5300.61 -1223.74 4968.47
2794 6193.83 -1429.96 3728.11
2795 6815.93 -1573.58 2324.17
2796 7139.66 -1648.32 818.247
2797 7150.9 -1650.91 -723.585
2798 6849.34 -1581.29 -2233.7
2799 6248.48 -1442.58 -3645.98
2800 5374.93 -1240.9 -4898.78
2801 4267.15 -985.149 -5937.6
2802 2973.67 -686.525 -6717.43
2803 1550.93 -358.06 -7204.59
2804 60.8261 -14.0428 -7378.1
2805 -1431.92 330.584 -7230.5
2806 -2862.47 660.853 -6768.14
2807 -4168.61 962.398 -6010.92
2808 -5293.35 1222.07 -4991.53
2809 -6187.45 1428.49 -3754.15
2810 -6811.55 1572.57 -2352.56
2811 -7138.02 1647.94 -847.951
2812 -7152.29 1651.24 693.828
2813 -6853.53 1582.26 2205.16
2814 -6254.74 1444.02 3619.73
2815 -5382.17 1242.57 4875.47
2816 -4274.11 986.756 5917.39
2817 -2979.16 687.793 6699.93
2818 -1554 358.769 7188.95
2819 -60.9495 14.0713 7363.16
2820 1445.45 -280.967 7214.96
2821 2889.15 -561.594 6750.82
2822 4206.59 -817.679 5990.94
2823 5340.09 -1038.01 4968.47
2824 6239.96 -1212.92 3728.11
2825 6866.7 -1334.75 2324.17
2826 7192.84 -1398.15 818.247
2827 7204.16 -1400.35 -723.585
2828 6900.35 -1341.29 -2233.7
2829 6295.02 -1223.63 -3645.98
2830 5414.96 -1052.56 -4898.78
2831 4298.93 -835.627 -5937.6
2832 2995.81 -582.327 -6717.43
2833 1562.48 -303.715 -7204.59
2834 61.2791 -11.9115 -7378.1
2835 -1442.58 280.409 -7230.5
2836 -2883.79 560.551 -6768.14
2837 -4199.65 816.33 -6010.92
2838 -5332.78 1036.59 -4991.53
2839 -6233.53 1211.68 -3754.15
2840 -6862.28 1333.89 -2352.56
2841 -7191.19 1397.83 -847.951
2842 -7205.56 1400.62 693.828
2843 -6904.57 1342.11 2205.16
2844 -6301.32 1224.85 3619.73
2845 -5422.25 1053.98 4875.47
2846 -4305.95 836.991 5917.39
2847 -3001.35 583.402 6699.93
2848 -1565.57 304.316 7188.95
2849 -61.4034 11.9356 7363.16
2850 1454.37 -230.35 7214.96
2851 2906.99 -460.422 6750.82
2852 4232.57 -670.373 5990.94
2853 5373.07 -851.01 4968.47
2854 6278.49 -994.415 3728.11
2855 6909.1 -1094.29 2324.17
2856 7237.25 -1146.27 818.247
2857 7248.64 -1148.07 -723.585
2858 6942.96 -1099.66 -2233.7
2859 6333.89 -1003.19 -3645.98
2860 5448.4 -862.942 -4898.78
2861 4325.47 -685.088 -5937.6
2862 3014.31 -477.42 -6717.43
2863 1572.13 -249 -7204.59
2864 61.6575 -9.76559 -7378.1
2865 -1451.49 229.893 -7230.5
2866 -2901.59 459.567 -6768.14
2867 -4225.58 669.267 -6010.92
2868 -5365.71 849.844 -4991.53
2869 -6272.02 993.391 -3754.15
2870 -6904.65 1093.59 -2352.56
2871 -7235.59 1146 -847.951
2872 -7250.05 1148.3 693.828
2873 -6947.21 1100.33 2205.16
2874 -6340.23 1004.19 3619.73
2875 -5455.73 864.103 4875.47
2876 -4332.53 686.206 5917.39
2877 -3019.88 478.302 6699.93
2878 -1575.24 249.493 7188.95
2879 -61.7826 9.7854 7363.16
2880 1458.17 -204.933 7214.96
2881 2914.58 -409.618 6750.82
2882 4243.62 -596.402 5990.94
2883 5387.1 -757.107 4968.47
2884 6294.89 -884.688 3728.11
2885 6927.14 -973.547 2324.17
2886 7256.15 -1019.79 818.247
2887 7267.57 -1021.39 -723.585
2888 6961.09 -978.318 -2233.7
2889 6350.43 -892.495 -3645.98
2890 5462.63 -767.722 -4898.78
2891 4336.77 -609.493 -5937.6
2892 3022.18 -424.74 -6717.43
2893 1576.23 -221.525 -7204.59
2894 61.8185 -8.68803 -7378.1
2895 -1455.28 204.526 -7230.5
2896 -2909.17 408.857 -6768.14
2897 -4236.62 595.418 -6010.92
2898 -5379.72 756.07 -4991.53
2899 -6288.4 883.778 -3754.15
2900 -6922.68 972.92 -2352.56
2901 -7254.49 1019.55 -847.951
2902 -7268.99 1021.59 693.828
2903 -6965.35 978.916 2205.16
2904 -6356.79 893.388 3619.73
2905 -5469.98 768.756 4875.47
2906 -4343.85 610.488 5917.39
2907 -3027.77 425.525 6699.93
2908 -1579.35 221.964 7188.95
2909 -61.9439 8.70565 7363.16
2910 1464.44 -153.918 7214.96
2911 2927.1 -307.651 6750.82
2912 4261.85 -447.938 5990.94
2913 5410.24 -568.639 4968.47
2914 6321.93 -664.461 3728.11
2915 6956.9 -731.2 2324.17
2916 7287.32 -765.928 818.247
2917 7298.79 -767.134 -723.585
2918 6991 -734.783 -2233.7
2919 6377.71 -670.325 -3645.98
2920 5486.09 -576.612 -4898.78
2921 4355.4 -457.771 -5937.6
2922 3035.17 -319.009 -6717.43
2923 1583 -166.38 -7204.59
2924 62.0841 -6.5253 -7378.1
2925 -1461.53 153.613 -7230.5
2926 -2921.67 307.08 -6768.14
2927 -4254.82 447.2 -6010.92
2928 -5402.83 567.86 -4991.53
2929 -6315.42 663.777 -3754.15
2930 -6952.42 730.729 -2352.56
2931 -7285.65 765.753 -847.951
2932 -7300.21 767.283 693.828
2933 -6995.27 735.233 2205.16
2934 -6384.09 670.995 3619.73
2935 -5493.48 577.388 4875.47
2936 -4362.51 458.518 5917.39
2937 -3040.77 319.598 6699.93
2938 -1586.14 166.71 7188.95
2939 -62.21 6.53854 7363.16
2940 1468.91 -102.717 7214.96
2941 2936.06 -205.309 6750.82
2942 4274.89 -298.929 5990.94
2943 5426.79 -379.478 4968.47
2944 6341.26 -443.424 3728.11
2945 6978.18 -487.962 2324.17
2946 7309.61 -511.138 818.247
2947 7321.12 -511.942 -723.585
2948 7012.38 -490.353 -2233.7
2949 6397.22 -447.337 -3645.98
2950 5502.88 -384.799 -4898.78
2951 4368.72 -305.491 -5937.6
2952 3044.45 -212.889 -6717.43
2953 1587.84 -111.033 -7204.59
2954 62.274 -4.35462 -7378.1
2955 -1466 102.513 -7230.5
2956 -2930.61 204.928 -6768.14
2957 -4267.84 298.436 -6010.92
2958 -5419.36 378.958 -4991.53
2959 -6334.74 442.968 -3754.15
2960 -6973.69 487.648 -2352.56
2961 -7307.94 511.021 -847.951
2962 -7322.55 512.042 693.828
2963 -7016.67 490.653 2205.16
2964 -6403.62 447.785 3619.73
2965 -5510.28 385.317 4875.47
2966 -4375.85 305.989 5917.39
2967 -3050.07 213.282 6699.93
2968 -1590.99 111.253 7188.95
2969 -62.4003 4.36346 7363.16
2970 1471.6 -51.3896 7214.96
2971 2941.43 -102.717 6750.82
2972 4282.72 -149.556 5990.94
2973 5436.73 -189.855 4968.47
2974 6352.88 -221.847 3728.11
2975 6990.96 -244.13 2324.17
2976 7323 -255.725 818.247
2977 7334.52 -256.127 -723.585
2978 7025.22 -245.326 -2233.7
2979 6408.94 -223.805 -3645.98
2980 5512.95 -192.517 -4898.78
2981 4376.72 -152.839 -5937.6
2982 3050.03 -106.509 -6717.43
2983 1590.75 -55.5503 -7204.59
2984 62.388 -2.17864 -7378.1
2985 -1468.69 51.2876 -7230.5
2986 -2935.97 102.526 -6768.14
2987 -4275.65 149.309 -6010.92
2988 -5429.28 189.595 -4991.53
2989 -6346.34 221.619 -3754.15
2990 -6986.46 243.973 -2352.56
2991 -7321.32 255.666 -847.951
2992 -7335.95 256.177 693.828
2993 -7029.52 245.476 2205.16
2994 -6415.35 224.029 3619.73
2995 -5520.37 192.776 4875.47
2996 -4383.87 153.088 5917.39
2997 -3055.66 106.706 6699.93
2998 -1593.9 55.6603 7188.95
2999 -62.5146 2.18306 7363.16
