0 0 1008.54 81.9691 264
0 1 4411.62 -5.84069 0
0 2 8170.33 -30.6114 0
0 3 11169.9 -51.2667 0
0 4 13087.8 -70.8621 0
0 5 13735 -88.0301 0
0 6 13050 -70.3103 0
0 7 11098 -50.6964 0
0 8 8071.61 -29.9901 0
0 9 4297.78 -4.95382 0
0 10 1090.92 64.5533 212
0 11 4742.66 -8.32613 0
0 12 8454.72 -32.4099 0
0 13 11374.5 -52.9262 0
0 14 13191.9 -72.4695 0
0 15 13728.7 -87.2904 0
0 16 12933.9 -68.698 0
0 17 10883.3 -49.028 0
0 18 7780.05 -28.1617 0
0 19 3964.87 -2.2441 0
0 20 1349.24 43.9024 141
0 21 5180.84 -11.4451 0
0 22 8825.16 -34.778 0
0 23 11635.2 -55.1296 0
0 24 13316.8 -74.6068 0
0 25 13705.9 -85.5301 0
0 26 12765.5 -66.543 0
0 27 10585.5 -46.792 0
0 28 7383.45 -25.6829 0
0 29 3520.22 1.72474 0
0 30 1609.78 32.9303 89
0 31 5506.49 -13.668 0
0 32 9096.15 -36.5345 0
0 33 11821.6 -56.7758 0
0 34 13400 -76.2047 0
0 35 13677.9 -84.0434 0
0 36 12629 -64.9225 0
0 37 10353.8 -45.1054 0
0 38 7080.43 -23.7883 0
0 39 3187.33 5.06125 0
0 40 2003.21 22.4058 19
0 41 5935.97 -16.5094 0
0 42 9447.97 -38.8537 0
0 43 12057.5 -58.963 0
0 44 13496.6 -78.3269 0
0 45 13626.1 -81.9881 0
0 46 12433.7 -62.756 0
0 47 10033.9 -42.8426 0
0 48 6669.45 -21.2058 0
0 49 2746.76 10.1992 0
0 50 2424.37 14.7489 0
0 51 6359.33 -19.2381 0
0 52 9788.51 -41.1498 0
0 53 12278.8 -61.142 0
0 54 13577 -80.4354 0
0 55 13557.9 -79.895 0
0 56 12223.3 -60.5826 0
0 57 9702.07 -40.5616 0
0 58 6251.12 -18.546 0
0 59 2314.38 16.5205 0
0 60 2749.85 10.1593 0
0 61 6672.39 -21.2243 0
0 62 10036.2 -42.8587 0
0 63 12435.1 -62.7714 0
0 64 13626.6 -82.0028 0
0 65 13496 -78.3119 0
0 66 12055.9 -58.9475 0
0 67 9445.52 -38.8373 0
0 68 5932.95 -16.4897 0
0 69 2000.31 22.4683 527
0 70 3190.47 5.02799 0
0 71 7083.31 -23.8063 0
0 72 10356 -45.1214 0
0 73 12630.3 -64.9378 0
0 74 13678.2 -84.0577 0
0 75 13399.2 -76.1897 0
0 76 11819.8 -56.7603 0
0 77 9093.62 -36.518 0
0 78 5503.43 -13.6475 0
0 79 1607.15 33.0193 457
0 80 3523.37 1.69492 0
0 81 7386.29 -25.7006 0
0 82 10587.6 -46.8078 0
0 83 12766.7 -66.5582 0
0 84 13706.1 -85.5437 0
0 85 13316 -74.5917 0
0 86 11633.4 -55.114 0
0 87 8822.57 -34.7614 0
0 88 5177.76 -11.4237 0
0 89 1347 44.0226 404
0 90 3968.02 -2.27061 0
0 91 7782.82 -28.1791 0
0 92 10885.3 -49.0437 0
0 93 12935.1 -68.7133 0
0 94 13728.8 -87.3009 0
0 95 13191 -72.4544 0
0 96 11372.6 -52.9106 0
0 97 8452.07 -32.393 0
0 98 4739.55 -8.30332 0
0 99 1089.62 64.7247 334
1 0 1022.86 76.9326 247
1 1 4522.29 -6.68619 0
1 2 8265.89 -31.2141 0
1 3 11239.1 -51.8221 0
1 4 13123.6 -71.4008 0
1 5 13733.9 -87.8876 0
1 6 13012.1 -69.771 0
1 7 11027.1 -50.1396 0
1 8 7974.86 -29.3824 0
1 9 4186.79 -4.07087 0
1 10 1140.25 58.9082 195
1 11 4847.47 -9.08788 0
1 12 8543.9 -32.977 0
1 13 11437.9 -53.4525 0
1 14 13223.2 -72.9801 0
1 15 13724.7 -86.9092 0
1 16 12895.1 -68.1835 0
1 17 10813.4 -48.496 0
1 18 7686.43 -27.5761 0
1 19 3859.18 -1.34153 0
1 20 1417.22 40.5235 127
1 21 5269.42 -12.0567 0
1 22 8899.04 -35.2546 0
1 23 11686.3 -55.5749 0
1 24 13340.1 -75.0375 0
1 25 13699 -85.1247 0
1 26 12729.2 -66.1027 0
1 27 10523.5 -46.3364 0
1 28 7302.19 -25.1752 0
1 29 3430.83 2.58471 0
1 30 1667.87 31.0459 78
1 31 5570.66 -14.0985 0
1 32 9148.75 -36.8782 0
1 33 11857.1 -57.0974 0
1 34 13415 -76.5126 0
1 35 13670.9 -83.7287 0
1 36 12600.9 -64.6002 0
1 37 10307.3 -44.7725 0
1 38 7020.71 -23.4142 0
1 39 3123.51 5.74745 0
1 40 2038.18 21.6652 13
1 41 5969.7 -16.7291 0
1 42 9474.84 -39.0328 0
1 43 12074.9 -59.1298 0
1 44 13503 -78.4807 0
1 45 13621 -81.8108 0
1 46 12417.6 -62.5839 0
1 47 10008.6 -42.6661 0
1 48 6637.81 -21.0059 0
1 49 2715.1 10.6106 0
1 50 2427.25 14.7043 0
1 51 6360.06 -19.2427 0
1 52 9788.56 -41.1502 0
1 53 12278.5 -61.1389 0
1 54 13576.5 -80.4213 0
1 55 13557.4 -79.881 0
1 56 12223 -60.5789 0
1 57 9702.03 -40.5613 0
1 58 6251.74 -18.5499 0
1 59 2317.26 16.4723 0
1 60 2718.32 10.5684 0
1 61 6640.88 -21.0253 0
1 62 10011 -42.6829 0
1 63 12419.1 -62.6 0
1 64 13621.4 -81.8262 0
1 65 13502.4 -78.4651 0
1 66 12073.2 -59.1136 0
1 67 9472.29 -39.0158 0
1 68 5966.56 -16.7086 0
1 69 2035.14 21.7286 531
1 70 3126.76 5.71212 0
1 71 7023.71 -23.433 0
1 72 10309.7 -44.7891 0
1 73 12602.3 -64.616 0
1 74 13671.3 -83.7436 0
1 75 13414.2 -76.4969 0
1 76 11855.3 -57.0813 0
1 77 9146.14 -36.8611 0
1 78 5567.5 -14.0773 0
1 79 1665.1 31.1325 466
1 80 3434.06 2.55321 0
1 81 7305.12 -25.1935 0
1 82 10525.7 -46.3527 0
1 83 12730.5 -66.1184 0
1 84 13699.3 -85.1388 0
1 85 13339.3 -75.022 0
1 86 11684.5 -55.5589 0
1 87 8896.4 -35.2376 0
1 88 5266.26 -12.035 0
1 89 1414.79 40.6363 418
1 90 3862.37 -1.36912 0
1 91 7689.26 -27.5938 0
1 92 10815.5 -48.512 0
1 93 12896.3 -68.1989 0
1 94 13724.9 -86.9211 0
1 95 13222.3 -72.9648 0
1 96 11436 -53.4366 0
1 97 8541.22 -32.96 0
1 98 4844.32 -9.06513 0
1 99 1138.65 59.0699 351
2 0 13720 -86.5151 0
2 1 13033.4 -70.0716 0
2 2 11078.7 -50.544 0
2 3 8053.56 -29.8767 0
2 4 4289.09 -4.88538 0
2 5 1023.45 76.7683 264
2 6 4402.52 -5.7705 0
2 7 8152.15 -30.4969 0
2 8 11150.6 -51.113 0
2 9 13071.2 -70.6182 0
2 10 13713.8 -86.0481 0
2 11 12917 -68.4729 0
2 12 10863.8 -48.8792 0
2 13 7762.43 -28.0515 0
2 14 3957.44 -2.18131 0
2 15 1104.21 62.8785 211
2 16 4732.43 -8.25118 0
2 17 8436.19 -32.2922 0
2 18 11355.3 -52.7685 0
2 19 13175.6 -72.2085 0
2 20 13690.9 -84.6804 0
2 21 12748.3 -66.3328 0
2 22 10565.9 -46.6479 0
2 23 7366.51 -25.5771 0
2 24 3514.6 1.77812 0
2 25 1358.54 43.4115 141
2 26 5169.22 -11.3644 0
2 27 8806.23 -34.6562 0
2 28 11616.3 -54.9662 0
2 29 13300.8 -74.3169 0
2 30 13662.8 -83.3781 0
2 31 12611.5 -64.7217 0
2 32 10334.2 -44.9647 0
2 33 7064.06 -23.6858 0
2 34 3183.21 5.10508 0
2 35 1616.07 32.7189 89
2 36 5493.91 -13.5834 0
2 37 9076.99 -36.4096 0
2 38 11802.9 -56.6076 0
2 39 13384.1 -75.8871 0
2 40 13610.9 -81.4763 0
2 41 12415.9 -62.5659 0
2 42 10014.4 -42.7062 0
2 43 6653.94 -21.1078 0
2 44 2744.85 10.2238 0
2 45 2006.04 22.3449 19
2 46 5922.22 -16.4197 0
2 47 9428.58 -38.7245 0
2 48 12039.1 -58.7878 0
2 49 13481.1 -77.9601 0
2 50 13542.5 -79.4787 0
2 51 12205.2 -60.4015 0
2 52 9682.57 -40.4294 0
2 53 6236.57 -18.4527 0
2 54 2315.02 16.5097 0
2 55 2424.33 14.7496 0
2 56 6344.52 -19.1435 0
2 57 9768.98 -41.0166 0
2 58 12260.8 -60.9588 0
2 59 13561.7 -79.9983 0
2 60 13480.4 -77.9456 0
2 61 12037.5 -58.7724 0
2 62 9426.14 -38.7083 0
2 63 5919.21 -16.4001 0
2 64 2003.16 22.4068 526
2 65 2747.93 10.1841 0
2 66 6656.87 -21.1263 0
2 67 10016.7 -42.7222 0
2 68 12417.3 -62.5812 0
2 69 13611.3 -81.4901 0
2 70 13383.4 -75.8723 0
2 71 11801.1 -56.5922 0
2 72 9074.47 -36.3931 0
2 73 5490.86 -13.5629 0
2 74 1613.47 32.8061 456
2 75 3186.33 5.07193 0
2 76 7066.93 -23.7038 0
2 77 10336.4 -44.9806 0
2 78 12612.9 -64.7369 0
2 79 13663.1 -83.391 0
2 80 13300 -74.3021 0
2 81 11614.5 -54.9506 0
2 82 8803.65 -34.6396 0
2 83 5166.14 -11.343 0
2 84 1356.32 43.5278 404
2 85 3517.73 1.74838 0
2 86 7369.34 -25.5948 0
2 87 10568.1 -46.6637 0
2 88 12749.5 -66.348 0
2 89 13691.1 -84.6919 0
2 90 13174.7 -72.1935 0
2 91 11353.4 -52.7529 0
2 92 8433.53 -32.2754 0
2 93 4729.33 -8.22842 0
2 94 1102.93 63.0335 334
2 95 3960.57 -2.20777 0
2 96 7765.2 -28.0688 0
2 97 10865.9 -48.895 0
2 98 12918.2 -68.488 0
2 99 13713.9 -86.0553 0
3 0 13720.1 -86.5168 0
3 1 13070.4 -70.606 0
3 2 11148.9 -51.0998 0
3 3 8149.88 -30.4826 0
3 4 4399.98 -5.75083 0
3 5 1023.28 76.8142 281
3 6 4291.64 -4.90549 0
3 7 8055.86 -29.8911 0
3 8 11080.3 -50.5572 0
3 9 13034.2 -70.0841 0
3 10 13716.7 -86.2622 0
3 11 12955 -68.9826 0
3 12 10933 -49.4101 0
3 13 7855.75 -28.6357 0
3 14 4063.38 -3.06578 0
3 15 1066.8 68.0071 228
3 16 4627.59 -7.47661 0
3 17 8346.34 -31.7228 0
3 18 11290.9 -52.2418 0
3 19 13143.3 -71.7018 0
3 20 13696.7 -84.9933 0
3 21 12783.7 -66.7671 0
3 22 10627.5 -47.1022 0
3 23 7447.83 -26.0851 0
3 24 3605.27 0.928061 0
3 25 1298.61 46.7667 155
3 26 5081.08 -10.7493 0
3 27 8731.9 -34.1786 0
3 28 11564.3 -54.5196 0
3 29 13276.5 -73.8866 0
3 30 13668.7 -83.6316 0
3 31 12638.9 -65.0367 0
3 32 10380.3 -45.2965 0
3 33 7124.32 -24.063 0
3 34 3249.74 4.40613 0
3 35 1565.2 34.4855 99
3 36 5430.74 -13.157 0
3 37 9024.21 -36.0659 0
3 38 11766.6 -56.2831 0
3 39 13368.1 -75.5724 0
3 40 13615.1 -81.6135 0
3 41 12431.3 -62.7304 0
3 42 10039.6 -42.8822 0
3 43 6686.63 -21.3142 0
3 44 2780.92 9.76264 0
3 45 1977.61 22.9634 24
3 46 5889.81 -16.2081 0
3 47 9401.69 -38.5458 0
3 48 12021 -58.6159 0
3 49 13473.7 -77.7897 0
3 50 13542 -79.4659 0
3 51 12204.9 -60.3985 0
3 52 9682.63 -40.4298 0
3 53 6237.33 -18.4576 0
3 54 2318.05 16.4591 0
3 55 2427.07 14.7071 0
3 56 6345.12 -19.1473 0
3 57 9768.92 -41.0162 0
3 58 12260.4 -60.955 0
3 59 13561.1 -79.9841 0
3 60 13473.1 -77.7758 0
3 61 12019.4 -58.6012 0
3 62 9399.35 -38.5302 0
3 63 5886.93 -16.1893 0
3 64 1974.87 23.0237 521
3 65 2783.86 9.72535 0
3 66 6689.42 -21.3318 0
3 67 10041.8 -42.8975 0
3 68 12432.7 -62.745 0
3 69 13615.5 -81.6266 0
3 70 13367.4 -75.5582 0
3 71 11764.9 -56.2682 0
3 72 9021.77 -36.0501 0
3 73 5427.8 -13.1371 0
3 74 1562.77 34.5735 446
3 75 3252.74 4.37495 0
3 76 7127.08 -24.0803 0
3 77 10382.4 -45.3118 0
3 78 12640.2 -65.0513 0
3 79 13669 -83.6438 0
3 80 13275.7 -73.8721 0
3 81 11562.5 -54.5045 0
3 82 8729.38 -34.1624 0
3 83 5078.08 -10.7283 0
3 84 1296.61 46.8875 390
3 85 3608.31 0.899866 0
3 86 7450.57 -26.1022 0
3 87 10629.5 -47.1176 0
3 88 12784.9 -66.7818 0
3 89 13696.9 -85.0038 0
3 90 13142.3 -71.6871 0
3 91 11289 -52.2264 0
3 92 8343.71 -31.7061 0
3 93 4624.53 -7.4538 0
3 94 1065.86 68.1554 317
3 95 4066.47 -3.09124 0
3 96 7858.47 -28.6527 0
3 97 10935 -49.4256 0
3 98 12956.1 -68.9974 0
3 99 13716.8 -86.2676 0
4 0 1015.62 79.1681 264
4 1 4412.85 -5.85021 0
4 2 8170.54 -30.6127 0
4 3 11169.6 -51.2647 0
4 4 13087.3 -70.8552 0
4 5 13734.5 -87.9589 0
4 6 13049.6 -70.3043 0
4 7 11097.9 -50.6952 0
4 8 8071.95 -29.9923 0
4 9 4299.21 -4.96509 0
4 10 1111.51 62.0127 206
4 11 4777.68 -8.58183 0
4 12 8483.88 -32.5951 0
4 13 11394.9 -53.0952 0
4 14 13201.8 -72.6286 0
4 15 13727.1 -87.1275 0
4 16 12921.1 -68.5263 0
4 17 10860.6 -48.8545 0
4 18 7750.05 -27.974 0
4 19 3931.96 -1.96545 0
4 20 1400.29 41.322 131
4 21 5245.53 -11.8923 0
4 22 8878.86 -35.1243 0
4 23 11672.3 -55.4518 0
4 24 13333.6 -74.9158 0
4 25 13700.8 -85.2243 0
4 26 12739.1 -66.2216 0
4 27 10540.5 -46.4612 0
4 28 7324.7 -25.3159 0
4 29 3456.09 2.3392 0
4 30 1687.55 30.4403 75
4 31 5594.18 -14.2556 0
4 32 9168.33 -37.0064 0
4 33 11870.5 -57.2192 0
4 34 13420.8 -76.6333 0
4 35 13668.5 -83.6231 0
4 36 12590.5 -64.4819 0
4 37 10289.9 -44.6481 0
4 38 6998.04 -23.2721 0
4 39 3098.49 6.02118 0
4 40 2101.93 20.373 2
4 41 6037.39 -17.1686 0
4 42 9530.12 -39.4025 0
4 43 12111.6 -59.4832 0
4 44 13517.3 -78.831 0
4 45 13611.3 -81.4891 0
4 46 12384.8 -62.2378 0
4 47 9955.96 -42.301 0
4 48 6570.59 -20.5807 0
4 49 2643.11 11.5721 0
4 50 2532.33 13.1291 0
4 51 6464.26 -19.9062 0
4 52 9872 -41.7218 0
4 53 12332.1 -61.6876 0
4 54 13594.7 -80.9624 0
4 55 13538.2 -79.3659 0
4 56 12168.2 -60.0362 0
4 57 9617.11 -39.9871 0
4 58 6145.34 -17.8661 0
4 59 2208.29 18.365 0
4 60 2854.46 8.84736 0
4 61 6770.99 -21.8459 0
4 62 10113.6 -43.3995 0
4 63 12483.1 -63.2888 0
4 64 13640.4 -82.497 0
4 65 13474.3 -77.8048 0
4 66 12000.8 -58.4261 0
4 67 9362.7 -38.287 0
4 68 5831.28 -15.8247 0
4 69 1903.77 24.651 510
4 70 3280.95 4.08405 0
4 71 7165.78 -24.3224 0
4 72 10419.3 -45.5781 0
4 73 12668 -65.3755 0
4 74 13686.5 -84.4588 0
4 75 13377.4 -75.7538 0
4 76 11770.1 -56.3144 0
4 77 9021 -36.0451 0
4 78 5416.05 -13.0575 0
4 79 1534.64 35.6138 442
4 80 3589.98 1.06977 0
4 81 7445.5 -26.0706 0
4 82 10632.3 -47.1378 0
4 83 12792.3 -66.8736 0
4 84 13710.2 -85.804 0
4 85 13298.2 -74.2709 0
4 86 11595.6 -54.7882 0
4 87 8768.74 -34.4151 0
4 88 5114.16 -10.9809 0
4 89 1304.89 46.3925 393
4 90 4003.82 -2.57115 0
4 91 7813.5 -28.3711 0
4 92 10907.7 -49.2156 0
4 93 12947.1 -68.8754 0
4 94 13729.4 -87.3639 0
4 95 13180.2 -72.2814 0
4 96 11351.5 -52.7374 0
4 97 8423.11 -32.2093 0
4 98 4706.49 -8.06061 0
4 99 1081.97 65.7639 328
5 0 1008.35 82.0615 282
5 1 4300.78 -4.97745 0
5 2 8074.19 -30.0064 0
5 3 11099.8 -50.7106 0
5 4 13050.9 -70.3232 0
5 5 13735 -88.0327 0
5 6 13086.9 -70.8493 0
5 7 11168.1 -51.2525 0
5 8 8167.77 -30.5953 0
5 9 4408.62 -5.81757 0
5 10 1052.93 70.3281 228
5 11 4637.88 -7.55316 0
5 12 8365.03 -31.8411 0
5 13 11310.2 -52.399 0
5 14 13159.7 -71.9574 0
5 15 13731.7 -87.6119 0
5 16 12971.8 -69.2113 0
5 17 10952.3 -49.559 0
5 18 7873.22 -28.7452 0
5 19 4070.8 -3.12693 0
5 20 1288.74 47.3671 156
5 21 5092.77 -10.8312 0
5 22 8750.96 -34.3009 0
5 23 11583.3 -54.6825 0
5 24 13292.6 -74.1701 0
5 25 13711.7 -85.9058 0
5 26 12800.8 -66.9796 0
5 27 10646.9 -47.2463 0
5 28 7464.66 -26.1902 0
5 29 3610.9 0.876 0
5 30 1558.58 34.7253 99
5 31 5443.37 -13.2424 0
5 32 9043.46 -36.1912 0
5 33 11785.3 -56.4507 0
5 34 13384 -75.8841 0
5 35 13683.8 -84.3254 0
5 36 12656.3 -65.2389 0
5 37 10399.8 -45.4372 0
5 38 7140.61 -24.1649 0
5 39 3253.89 4.36308 0
5 40 1974.66 23.0284 24
5 41 5903.59 -16.2981 0
5 42 9421.13 -38.675 0
5 43 12039.4 -58.7907 0
5 44 13489.3 -78.1518 0
5 45 13630.3 -82.1336 0
5 46 12449.1 -62.9211 0
5 47 10059.2 -43.0185 0
5 48 6702.1 -21.4118 0
5 49 2782.85 9.7381 0
5 50 2427.11 14.7065 0
5 51 6359.92 -19.2418 0
5 52 9788.45 -41.1494 0
5 53 12278.5 -61.1382 0
5 54 13576.5 -80.4206 0
5 55 13557.4 -79.8817 0
5 56 12223 -60.5796 0
5 57 9702.14 -40.562 0
5 58 6251.87 -18.5508 0
5 59 2317.4 16.47 0
5 60 2785.82 9.70063 0
5 61 6704.9 -21.4294 0
5 62 10061.3 -43.0338 0
5 63 12450.4 -62.9358 0
5 64 13630.7 -82.1476 0
5 65 13488.7 -78.1375 0
5 66 12037.8 -58.7759 0
5 67 9418.78 -38.6593 0
5 68 5900.71 -16.2793 0
5 69 1971.91 23.0894 521
5 70 3256.91 4.33179 0
5 71 7143.37 -24.1822 0
5 72 10401.9 -45.4525 0
5 73 12657.6 -65.2536 0
5 74 13684.1 -84.3391 0
5 75 13383.3 -75.8696 0
5 76 11783.7 -56.4358 0
5 77 9041.02 -36.1753 0
5 78 5440.42 -13.2225 0
5 79 1556.12 34.8152 446
5 80 3613.96 0.847729 0
5 81 7467.4 -26.2074 0
5 82 10649 -47.2618 0
5 83 12802 -66.9945 0
5 84 13711.9 -85.9187 0
5 85 13291.8 -74.1554 0
5 86 11581.6 -54.6673 0
5 87 8748.43 -34.2847 0
5 88 5089.76 -10.8101 0
5 89 1286.7 47.4928 390
5 90 4073.9 -3.15244 0
5 91 7875.94 -28.7622 0
5 92 10954.3 -49.5746 0
5 93 12972.9 -69.2263 0
5 94 13731.8 -87.6204 0
5 95 13158.7 -71.9424 0
5 96 11308.3 -52.3836 0
5 97 8362.39 -31.8244 0
5 98 4634.8 -7.5303 0
5 99 1051.96 70.501 317
6 0 1015.63 79.1649 263
6 1 4413 -5.85133 0
6 2 8170.66 -30.6135 0
6 3 11169.7 -51.2654 0
6 4 13087.3 -70.8559 0
6 5 13734.5 -87.9588 0
6 6 13049.6 -70.3036 0
6 7 11097.8 -50.6945 0
6 8 8071.83 -29.9915 0
6 9 4299.06 -4.96395 0
6 10 1083.22 65.5901 216
6 11 4709.74 -8.08455 0
6 12 8425.89 -32.2269 0
6 13 11353.5 -52.7537 0
6 14 13181.2 -72.2972 0
6 15 13729.3 -87.3536 0
6 16 12945.9 -68.8595 0
6 17 10905.6 -49.1991 0
6 18 7810.6 -28.353 0
6 19 4000.55 -2.54373 0
6 20 1307.12 46.2612 151
6 21 5117.37 -11.0033 0
6 22 8771.43 -34.4324 0
6 23 11597.5 -54.8043 0
6 24 13299.1 -74.2866 0
6 25 13710 -85.7901 0
6 26 12791 -66.8578 0
6 27 10630 -47.1213 0
6 28 7442.57 -26.0523 0
6 29 3586.72 1.10008 0
6 30 1537.26 35.515 103
6 31 5419.2 -13.0788 0
6 32 9023.61 -36.062 0
6 33 11771.9 -56.3303 0
6 34 13378.2 -75.7693 0
6 35 13686.2 -84.4442 0
6 36 12666.7 -65.3598 0
6 37 10417 -45.5617 0
6 38 7162.84 -24.304 0
6 39 3277.73 4.11711 0
6 40 1906.66 24.5824 36
6 41 5834.35 -15.8449 0
6 42 9365.2 -38.3036 0
6 43 12002.5 -58.4418 0
6 44 13475 -77.82 0
6 45 13640 -82.4821 0
6 46 12481.6 -63.2732 0
6 47 10111.2 -43.3832 0
6 48 6768.02 -21.8272 0
6 49 2851.31 8.8859 0
6 50 2317.26 16.4723 0
6 51 6253.98 -18.5643 0
6 52 9704.3 -40.5767 0
6 53 12224.7 -60.5961 0
6 54 13558.4 -79.9075 0
6 55 13576.6 -80.4233 0
6 56 12277.5 -61.1286 0
6 57 9786.31 -41.1348 0
6 58 6356.49 -19.2199 0
6 59 2421.46 14.7941 0
6 60 2646.15 11.5308 0
6 61 6573.49 -20.5991 0
6 62 9958.26 -42.3168 0
6 63 12386.3 -62.253 0
6 64 13611.7 -81.5037 0
6 65 13516.7 -78.8162 0
6 66 12110 -59.468 0
6 67 9527.73 -39.3865 0
6 68 6034.43 -17.1494 0
6 69 2099.02 20.4304 543
6 70 3101.52 5.98778 0
6 71 7000.85 -23.2897 0
6 72 10292.1 -44.6637 0
6 73 12591.8 -64.4968 0
6 74 13668.9 -83.6371 0
6 75 13420.1 -76.6186 0
6 76 11868.8 -57.2041 0
6 77 9165.88 -36.9904 0
6 78 5591.21 -14.2358 0
6 79 1684.92 30.5204 471
6 80 3459.12 2.30997 0
6 81 7327.44 -25.333 0
6 82 10542.6 -46.4764 0
6 83 12740.3 -66.2363 0
6 84 13701 -85.2376 0
6 85 13332.8 -74.9013 0
6 86 11670.5 -55.4368 0
6 87 8876.39 -35.1083 0
6 88 5242.57 -11.8719 0
6 89 1398.03 41.4303 414
6 90 3934.96 -1.99097 0
6 91 7752.71 -27.9906 0
6 92 10862.5 -48.8696 0
6 93 12922.2 -68.5409 0
6 94 13727.2 -87.1378 0
6 95 13200.9 -72.6142 0
6 96 11393.1 -53.0803 0
6 97 8481.35 -32.579 0
6 98 4774.7 -8.56015 0
6 99 1110.18 62.168 339
7 0 13719.5 -86.4743 0
7 1 13032.9 -70.0651 0
7 2 11078.4 -50.5421 0
7 3 8053.79 -29.8781 0
7 4 4290.38 -4.89559 0
7 5 1030.45 74.9598 263
7 6 4403.91 -5.78121 0
7 7 8152.49 -30.499 0
7 8 11150.4 -51.1117 0
7 9 13070.8 -70.6121 0
7 10 13714.4 -86.0915 0
7 11 12929.1 -68.6333 0
7 12 10886.2 -49.0504 0
7 13 7793.04 -28.243 0
7 14 3993.12 -2.48155 0
7 15 1096.65 63.8142 216
7 16 4699.5 -8.00915 0
7 17 8407.31 -32.109 0
7 18 11334.3 -52.5962 0
7 19 13164.8 -72.038 0
7 20 13694.9 -84.8979 0
7 21 12773.9 -66.6459 0
7 22 10610.6 -46.9772 0
7 23 7425.72 -25.9469 0
7 24 3581.1 1.15246 0
7 25 1316.82 45.6974 151
7 26 5105.7 -10.9217 0
7 27 8752.41 -34.3102 0
7 28 11578.5 -54.6413 0
7 29 13283 -74.0014 0
7 30 13671.1 -83.7376 0
7 31 12649.3 -65.1571 0
7 32 10397.6 -45.421 0
7 33 7146.58 -24.2023 0
7 34 3273.56 4.15994 0
7 35 1544.01 35.2622 103
7 36 5406.55 -12.993 0
7 37 9004.32 -35.9367 0
7 38 11753 -56.1629 0
7 39 13362.3 -75.4596 0
7 40 13624.8 -81.9406 0
7 41 12463.9 -63.0813 0
7 42 10091.8 -43.247 0
7 43 6752.63 -21.7303 0
7 44 2849.29 8.91063 0
7 45 1909.85 24.5073 35
7 46 5820.5 -15.7539 0
7 47 9345.65 -38.1741 0
7 48 11984 -58.2677 0
7 49 13459.3 -77.4664 0
7 50 13561.2 -79.987 0
7 51 12259.5 -60.9461 0
7 52 9766.98 -41.0029 0
7 53 6342.06 -19.1278 0
7 54 2421.89 14.7874 0
7 55 2317.43 16.4694 0
7 56 6239.05 -18.4686 0
7 57 9684.59 -40.4431 0
7 58 12206.5 -60.4144 0
7 59 13542.9 -79.4906 0
7 60 13501.2 -78.4358 0
7 61 12091.8 -59.2917 0
7 62 9508.5 -39.2578 0
7 63 6020.79 -17.061 0
7 64 2101.57 20.3801 543
7 65 2644.36 11.5551 0
7 66 6557.85 -20.5 0
7 67 9938.5 -42.1802 0
7 68 12368.3 -62.0646 0
7 69 13596.4 -81.0178 0
7 70 13404.3 -76.2929 0
7 71 11850.2 -57.0353 0
7 72 9146.86 -36.8659 0
7 73 5578.72 -14.1523 0
7 74 1690.81 30.3414 471
7 75 3097.44 6.03265 0
7 76 6984.36 -23.1864 0
7 77 10272.4 -44.5228 0
7 78 12574.2 -64.2979 0
7 79 13653.7 -83.0091 0
7 80 13316.8 -74.6069 0
7 81 11651.7 -55.273 0
7 82 8857.56 -34.9869 0
7 83 5231.01 -11.7922 0
7 84 1406.94 41.0051 414
7 85 3453.5 2.36431 0
7 86 7310.41 -25.2266 0
7 87 10522.9 -46.3324 0
7 88 12723 -66.0277 0
7 89 13686 -84.4316 0
7 90 13184.6 -72.3515 0
7 91 11374 -52.9225 0
7 92 8462.87 -32.4616 0
7 93 4764.51 -8.48581 0
7 94 1123.24 60.6922 339
7 95 3927.51 -1.92765 0
7 96 7735.05 -27.8801 0
7 97 10843 -48.7209 0
7 98 12905.2 -68.3169 0
7 99 13712.2 -85.9417 0
8 0 13719 -86.4325 0
8 1 12995.4 -69.5368 0
8 2 11007.6 -49.9874 0
8 3 7956.66 -29.2683 0
8 4 4178.06 -4.00063 0
8 5 1037.55 73.3388 246
8 6 4513.25 -6.61768 0
8 7 8247.86 -31.1003 0
8 8 11220 -51.668 0
8 9 13107.2 -71.1519 0
8 10 13709.8 -85.7768 0
8 11 12878.1 -67.9619 0
8 12 10793.8 -48.3475 0
8 13 7668.68 -27.4651 0
8 14 3851.73 -1.27702 0
8 15 1152.9 57.6685 194
8 16 4837.31 -9.01447 0
8 17 8525.52 -32.86 0
8 18 11418.9 -53.2943 0
8 19 13206.9 -72.7132 0
8 20 13684 -84.3344 0
8 21 12711.9 -65.8949 0
8 22 10503.8 -46.1924 0
8 23 7285.13 -25.0686 0
8 24 3425.23 2.63938 0
8 25 1425.96 40.1214 127
8 26 5257.87 -11.9773 0
8 27 8880.24 -35.1332 0
8 28 11667.6 -55.4108 0
8 29 13324.2 -74.7409 0
8 30 13655.8 -83.0926 0
8 31 12583.3 -64.4008 0
8 32 10287.6 -44.6318 0
8 33 7004.26 -23.3111 0
8 34 3119.43 5.79191 0
8 35 1673.85 30.8603 78
8 36 5558.15 -14.0147 0
8 37 9129.69 -36.7536 0
8 38 11838.5 -56.9287 0
8 39 13399.2 -76.1889 0
8 40 13605.7 -81.3089 0
8 41 12399.7 -62.3945 0
8 42 9988.95 -42.5296 0
8 43 6622.26 -20.9076 0
8 44 2713.24 10.635 0
8 45 2040.91 21.6083 13
8 46 5955.99 -16.6398 0
8 47 9455.5 -38.9038 0
8 48 12056.6 -58.9542 0
8 49 13487.5 -78.1098 0
8 50 13542 -79.4653 0
8 51 12204.8 -60.3978 0
8 52 9682.52 -40.4291 0
8 53 6237.2 -18.4567 0
8 54 2317.91 16.4614 0
8 55 2427.21 14.7049 0
8 56 6345.25 -19.1482 0
8 57 9769.03 -41.0169 0
8 58 12260.5 -60.9557 0
8 59 13561.2 -79.9848 0
8 60 13486.8 -78.0947 0
8 61 12054.9 -58.9382 0
8 62 9452.95 -38.8868 0
8 63 5952.85 -16.6194 0
8 64 2037.89 21.6711 531
8 65 2716.45 10.5929 0
8 66 6625.32 -20.927 0
8 67 9991.36 -42.5464 0
8 68 12401.2 -62.4104 0
8 69 13606.2 -81.3234 0
8 70 13398.4 -76.1736 0
8 71 11836.7 -56.9126 0
8 72 9127.08 -36.7365 0
8 73 5554.99 -13.9935 0
8 74 1671.1 30.9454 466
8 75 3122.66 5.75669 0
8 76 7007.26 -23.3299 0
8 77 10290 -44.6483 0
8 78 12584.7 -64.4166 0
8 79 13656.2 -83.1062 0
8 80 13323.3 -74.7257 0
8 81 11665.7 -55.3949 0
8 82 8877.61 -35.1162 0
8 83 5254.72 -11.9556 0
8 84 1423.56 40.2311 417
8 85 3428.45 2.60796 0
8 86 7288.06 -25.0869 0
8 87 10506 -46.2087 0
8 88 12713.2 -65.9105 0
8 89 13684.2 -84.3466 0
8 90 13206 -72.6981 0
8 91 11417 -53.2785 0
8 92 8522.84 -32.8429 0
8 93 4834.16 -8.99177 0
8 94 1151.33 57.819 350
8 95 3854.9 -1.30456 0
8 96 7671.5 -27.4827 0
8 97 10795.9 -48.3634 0
8 98 12879.3 -67.9772 0
8 99 13709.9 -85.7855 0
9 0 13719.5 -86.4744 0
9 1 13033 -70.0658 0
9 2 11078.5 -50.5428 0
9 3 8053.91 -29.8789 0
9 4 4290.53 -4.89673 0
9 5 1030.44 74.962 263
9 6 4403.77 -5.78009 0
9 7 8152.36 -30.4982 0
9 8 11150.3 -51.111 0
9 9 13070.7 -70.6114 0
9 10 13712.1 -85.9344 0
9 11 12904.1 -68.3024 0
9 12 10841.1 -48.7059 0
9 13 7732.4 -27.8636 0
9 14 3924.52 -1.90219 0
9 15 1124.54 60.5497 205
9 16 4767.47 -8.50744 0
9 17 8465.4 -32.4777 0
9 18 11375.8 -52.9374 0
9 19 13185.5 -72.3658 0
9 20 13685.7 -84.4202 0
9 21 12721.8 -66.0131 0
9 22 10520.8 -46.3171 0
9 23 7307.68 -25.2095 0
9 24 3450.49 2.39347 0
9 25 1409.17 40.9 131
9 26 5233.96 -11.8125 0
9 27 8860.03 -35.0028 0
9 28 11653.5 -55.2879 0
9 29 13317.6 -74.6212 0
9 30 13653.4 -82.9962 0
9 31 12572.9 -64.283 0
9 32 10270.2 -44.5073 0
9 33 6981.56 -23.1688 0
9 34 3094.42 6.06594 0
9 35 1693.42 30.2627 74
9 36 5581.68 -14.1721 0
9 37 9149.3 -36.8819 0
9 38 11851.9 -57.0503 0
9 39 13405 -76.3072 0
9 40 13596 -81.004 0
9 41 12366.9 -62.0495 0
9 42 9936.21 -42.1644 0
9 43 6554.95 -20.4816 0
9 44 2641.34 11.5962 0
9 45 2104.45 20.3233 2
9 46 6023.74 -17.0801 0
9 47 9510.9 -39.2738 0
9 48 12093.3 -59.3068 0
9 49 13501.8 -78.4501 0
9 50 13522.7 -78.9677 0
9 51 12149.9 -59.8565 0
9 52 9597.44 -39.8546 0
9 53 6130.67 -17.7716 0
9 54 2209.19 18.3487 0
9 55 2532.09 13.1326 0
9 56 6449.58 -19.8129 0
9 57 9852.64 -41.5888 0
9 58 12314.1 -61.5028 0
9 59 13579.3 -80.5029 0
9 60 13458.7 -77.4516 0
9 61 11982.3 -58.2521 0
9 62 9343.15 -38.1576 0
9 63 5817.44 -15.7338 0
9 64 1906.97 24.5751 509
9 65 2852.43 8.87225 0
9 66 6755.59 -21.7489 0
9 67 10094.1 -43.2632 0
9 68 12465.4 -63.0968 0
9 69 13625.2 -81.9546 0
9 70 13361.5 -75.4445 0
9 71 11751.2 -56.147 0
9 72 9001.71 -35.9197 0
9 73 5403.41 -12.9717 0
9 74 1541.42 35.3589 441
9 75 3276.77 4.12697 0
9 76 7149.52 -24.2207 0
9 77 10399.8 -45.4374 0
9 78 12650.6 -65.1727 0
9 79 13671.4 -83.7505 0
9 80 13282.2 -73.986 0
9 81 11576.6 -54.6252 0
9 82 8749.72 -34.293 0
9 83 5102.51 -10.8994 0
9 84 1314.62 45.8238 393
9 85 3584.34 1.12223 0
9 86 7428.64 -25.9652 0
9 87 10612.8 -46.9936 0
9 88 12775.1 -66.6617 0
9 89 13695.2 -84.9094 0
9 90 13163.8 -72.0224 0
9 91 11332.3 -52.5799 0
9 92 8404.54 -32.0914 0
9 93 4696.26 -7.98525 0
9 94 1095.42 63.9702 327
9 95 3996.39 -2.50892 0
9 96 7795.93 -28.2611 0
9 97 10888.3 -49.0668 0
9 98 12930.3 -68.649 0
9 99 13714.5 -86.0984 0
