0 -66.1963 4.50861e-13 7363.12
1 -4389.47 3.62362e-13 5915.22
2 -7034.9 1.34968e-13 2201.69
3 -6989.56 -1.44417e-13 -2356.01
4 -4275.29 -3.68339e-13 -6013.03
5 66.0623 -4.51776e-13 -7378.07
6 4382.32 -3.636e-13 -5935.44
7 7030.6 -1.36718e-13 -2230.23
8 6994.07 1.42678e-13 2327.63
9 4282.36 3.67117e-13 5993.06
10 -430.035 -139.727 7349.55
11 -4464.01 -1450.45 5677.31
12 -6791.49 -2206.69 1830.33
13 -6521.39 -2118.93 -2718.49
14 -3761.76 -1222.27 -6228.24
15 429.166 139.445 -7364.55
16 4457.03 1448.18 -5698.29
17 6788.04 2205.57 -1859.29
18 6526.25 2120.51 2690.62
19 3768.2 1224.36 6208.99
20 -780.444 -567.026 7300.07
21 -4109.22 -2985.52 5335.93
22 -5866.93 -4262.57 1327.54
23 -5380.86 -3909.42 -3190.02
24 -2841.37 -2064.38 -6488.6
25 778.878 565.888 -7315.27
26 4103.18 2981.13 -5357.95
27 5864.76 4261 -1356.93
28 5385.57 3912.84 3162.91
29 2846.44 2068.06 6470.26
30 -791.231 -1089.04 7239.56
31 -3145.99 -4330.08 5062.69
32 -4297.84 -5915.47 946.042
33 -3806.13 -5238.69 -3533.57
34 -1862.35 -2563.31 -6663.24
35 789.656 1086.87 -7255
36 3141.6 4324.03 -5085.49
37 4296.7 5913.9 -975.683
38 3809.83 5243.77 3507.09
39 1865.76 2568 6645.54
40 -571.309 -1758.31 7127.99
41 -1759.33 -5414.65 4676.84
42 -2274.57 -7000.41 433.516
43 -1920.11 -5909.49 -3976.4
44 -833.38 -2564.88 -6867.7
45 570.189 1754.86 -7143.87
46 1757.06 5407.66 -4700.67
47 2274.29 6999.55 -463.356
48 1922.2 5915.94 3950.84
49 834.954 2569.72 6850.76
50 -5.70935e-13 -2342.46 6981.62
51 -6.29142e-13 -6006.55 4268.12
52 -4.46529e-13 -7373.51 -81.1298
53 -9.31805e-14 -5921.6 -4399.85
54 2.95541e-13 -2212.27 -7038.82
55 5.71667e-13 2337.97 -6998.06
56 6.3023e-13 5999.48 -4292.96
57 4.48368e-13 7373.64 51.2358
58 9.51244e-14 5928.76 4375.26
59 -2.94282e-13 2216.55 7022.53
60 836.001 -2572.95 6849.43
61 1922.81 -5917.8 3947.77
62 2274.22 -6999.33 -466.992
63 1756.34 -5405.46 -4703.48
64 569.101 -1751.51 -7144.78
65 -834.426 2568.1 -6866.37
66 -1920.71 5911.35 -3973.34
67 -2274.5 7000.2 437.153
68 -1758.61 5412.44 4679.65
69 -570.219 1754.95 7128.9
70 1867.7 -2570.66 6643.97
71 3810.85 -5245.18 3503.89
72 4296.42 -5913.51 -979.294
73 3140.12 -4322.01 -5088.12
74 787.555 -1083.98 -7255.66
75 -1864.28 2565.96 -6661.68
76 -3807.16 5240.1 -3530.38
77 -4297.56 5915.08 949.655
78 -3144.51 4328.05 5065.33
79 -789.125 1086.14 7240.23
80 2849.03 -2069.94 6468.52
81 5386.83 -3913.76 3159.62
82 5864.22 -4260.61 -1360.52
83 4101.04 -2979.58 -5360.45
84 775.961 -563.769 -7315.74
85 -2843.96 2066.26 -6486.86
86 -5382.13 3910.35 -3186.74
87 -5866.39 4262.19 1331.12
88 -4107.08 2983.97 5338.44
89 -777.522 564.903 7300.55
90 3771.12 -1225.31 6207.03
91 6527.52 -2120.92 2687.22
92 6787.17 -2205.29 -1862.81
93 4454.36 -1447.31 -5700.6
94 425.714 -138.323 -7364.77
95 -3764.68 1223.22 -6226.28
96 -6522.67 2119.34 -2715.11
97 -6790.63 2206.41 1833.86
98 -4461.34 1449.58 5679.63
99 -426.576 138.603 7349.77
