0 0 5885.88 -16.1824 0
0 1 7477.25 -26.2689 0
0 2 9598.61 -39.8625 0
0 3 11376.5 -52.943 0
0 4 12390.2 -62.2947 0
0 5 12461.6 -63.0556 0
0 6 11580.8 -54.6607 0
0 7 9899.57 -41.9115 0
0 8 7790.29 -28.2258 0
0 9 6039.18 -17.1802 0
1 0 11115.8 -50.8374 0
1 1 11485.5 -53.8516 0
1 2 11231.9 -51.7637 0
1 3 10414.2 -45.5411 0
1 4 9252.55 -37.5595 0
1 5 8146.38 -30.4606 0
1 6 7618.51 -27.1515 0
1 7 7988.22 -29.4663 0
1 8 9026.77 -36.0826 0
1 9 10212.9 -44.1001 0
2 0 12502.2 -63.4974 0
2 1 10260 -44.435 0
2 2 7089.47 -23.8449 0
2 3 3509.2 1.82945 0
2 4 2432.63 14.6211 0
2 5 5783.22 -15.5088 0
2 6 9187.21 -37.1302 0
2 7 11807.5 -56.6494 0
2 8 13320.8 -74.6789 0
2 9 13560.4 -79.9631 0
3 0 8286.97 -31.3474 0
3 1 4881.79 -9.33505 0
3 2 2498.86 13.6198 0
3 3 4756.29 -8.4258 0
3 4 8163.63 -30.5692 0
3 5 11021.9 -50.0992 0
3 6 12895.5 -68.1883 0
3 7 13564.3 -80.0731 0
3 8 12950.4 -68.9199 0
3 9 11119.4 -50.8656 0
4 0 7159.99 -24.2862 0
4 1 10204.4 -44.0403 0
4 2 12391.7 -62.3105 0
4 3 13438.5 -77.0091 0
4 4 13226.4 -73.0338 0
4 5 11784 -56.4384 0
4 6 9280.69 -37.7449 0
4 7 6064.38 -17.3434 0
4 8 3106.1 5.93758 0
4 9 3895.63 -1.65538 0
5 0 4964.1 -9.92326 0
5 1 3657.52 0.448206 0
5 2 5773.55 -15.4451 0
5 3 8766.41 -34.4001 0
5 4 11280.1 -52.1538 0
5 5 12857.2 -67.6921 0
5 6 13289.6 -74.1165 0
5 7 12522 -63.7156 0
5 8 10645.8 -47.2382 0
5 9 7926.38 -29.0783 0
6 0 11276.3 -52.1232 0
6 1 10969.9 -49.6949 0
6 2 10189.7 -43.9356 0
6 3 9160.93 -36.958 0
6 4 8260.76 -31.1818 0
6 5 7922.85 -29.0562 0
6 6 8342.42 -31.698 0
6 7 9279.99 -37.7403 0
6 8 10296.9 -44.6977 0
6 9 11031.6 -50.1748 0
7 0 10597.5 -46.8808 0
7 1 11206 -51.5554 0
7 2 11277.5 -52.1326 0
7 3 10793.1 -48.342 0
7 4 9879.85 -41.7758 0
7 5 8819.65 -34.7426 0
7 6 8035.3 -29.7619 0
7 7 7935.78 -29.1373 0
7 8 8580.98 -33.2133 0
7 9 9616.28 -39.9815 0
8 0 12402.3 -62.4217 0
8 1 13230.9 -73.1091 0
8 2 12870.3 -67.8611 0
8 3 11364.6 -52.8446 0
8 4 8921.27 -35.3984 0
8 5 5991.82 -16.8729 0
8 6 3834.44 -1.12691 0
8 7 4906.85 -9.51479 0
8 8 7778.3 -28.1508 0
8 9 10491.2 -46.1002 0
9 0 12268.7 -61.0389 0
9 1 11009.6 -50.003 0
9 2 9046.23 -36.2092 0
9 3 6887.78 -22.5804 0
9 4 5583.94 -14.1873 0
9 5 6262.83 -18.6211 0
9 6 8276.14 -31.2789 0
9 7 10386 -45.3373 0
9 8 11928.9 -57.7555 0
9 9 12593.1 -64.5113 0
10 0 10295.2 -44.6861 0
10 1 12595.7 -64.5408 0
10 2 13675.1 -83.9128 0
10 3 13423.1 -76.6819 0
10 4 11867.5 -57.1921 0
10 5 9170.13 -37.0183 0
10 6 5616.54 -14.4048 0
10 7 1786.15 27.6211 444
10 8 3147.45 5.48804 0
10 9 7012.67 -23.3638 0
11 0 11808.8 -56.6606 0
11 1 12942.6 -68.8151 0
11 2 12955.4 -68.9871 0
11 3 11844.1 -56.9793 0
11 4 9768.48 -41.0132 0
11 5 7101.68 -23.9213 0
11 6 4735.8 -8.27585 0
11 7 4698.22 -7.99974 0
11 8 7039.75 -23.5335 0
11 9 9715.76 -40.6545 0
12 0 11184.4 -51.3824 0
12 1 10304.2 -44.7499 0
12 2 9110.3 -36.6269 0
12 3 8025.19 -29.6984 0
12 4 7582.85 -26.9287 0
12 5 8056.63 -29.896 0
12 6 9154.88 -36.9184 0
12 7 10344.7 -45.0405 0
12 8 11208.6 -51.5768 0
12 9 11512.2 -54.0765 0
13 0 5486.78 -13.5354 0
13 1 8460.86 -32.4488 0
13 2 11047.7 -50.3012 0
13 3 12734.2 -66.1624 0
13 4 13288.5 -74.0971 0
13 5 12646 -65.1194 0
13 6 10888.8 -49.0701 0
13 7 8258.49 -31.1674 0
13 8 5294.81 -12.231 0
13 9 3670.17 0.333062 0
14 0 10179.1 -43.8613 0
14 1 12527.4 -63.775 0
14 2 13660.7 -83.291 0
14 3 13463.5 -77.5583 0
14 4 11957.9 -58.024 0
14 5 9300.26 -37.874 0
14 6 5769.67 -15.4195 0
14 7 1900.89 24.7192 495
14 8 2975.09 7.41281 0
14 9 6859.46 -22.4024 0
15 0 11733.7 -55.9915 0
15 1 13337.9 -74.9959 0
15 2 13653.9 -83.0156 0
15 3 12648.1 -65.1439 0
15 4 10426.8 -45.6322 0
15 5 7230.72 -24.7285 0
15 6 3484.74 2.06323 0
15 7 1892.96 24.9085 54
15 8 5471.56 -13.4328 0
15 9 9009.21 -35.9684 0
16 0 6269.49 -18.6637 0
16 1 9721.6 -40.6941 0
16 2 12244.1 -60.7909 0
16 3 13575.6 -80.3937 0
16 4 13584.1 -80.6446 0
16 5 12273.8 -61.0907 0
16 6 9776.81 -41.07 0
16 7 6345.1 -19.1473 0
16 8 2406.3 15.031 0
16 9 2327.67 16.2991 0
17 0 12543.1 -63.9499 0
17 1 11665.7 -55.3948 0
17 2 9955.06 -42.2947 0
17 3 7778.56 -28.1524 0
17 4 5921.6 -16.4157 0
17 5 5697.84 -14.945 0
17 6 7326.54 -25.3274 0
17 7 9520.94 -39.341 0
17 8 11369.4 -52.8847 0
17 9 12439.1 -62.8143 0
18 0 5090.24 -10.8135 0
18 1 7154.87 -24.2542 0
18 2 9656.47 -40.2528 0
18 3 11659.9 -55.3439 0
18 4 12766.1 -66.5501 0
18 5 12809.2 -67.0844 0
18 6 11785.3 -56.4506 0
18 7 9846.73 -41.5482 0
18 8 7363.85 -25.5605 0
18 9 5203.03 -11.5988 0
19 0 7141.11 -24.1681 0
19 1 8514.13 -32.7875 0
19 2 10131 -43.5218 0
19 3 11396 -53.1042 0
19 4 11990.7 -58.3306 0
19 5 11794.9 -56.5361 0
19 6 10849.3 -48.7689 0
19 7 9362.29 -38.2843 0
19 8 7771.23 -28.1065 0
19 9 6810.08 -22.0919 0
