Average delivery time per traffic flow [ms]
13.030859 13.030142 13.029820 13.029836 12.072671 12.077135 12.139956 12.130706 9.165803 9.102108 9.100168 9.103774 8.272042 8.263862 8.265907 8.269997 7.395095 7.453475 7.390973 7.399150 
Average delivery time [ms]
9.986174
Jitter per traffic flow [ms]
0.027231 0.013705 0.014403 0.014392 0.012085 0.003142 0.127705 0.136879 0.124163 0.001799 0.012305 0.002648 0.004426 0.004403 0.008504 0.008459 0.000067 0.000037 0.000035 0.000032 
Average jitter [ms]
0.025821
Aggregated throughput per satellite channel [Mbps]
10.311483 10.311431 10.311488 10.311479 0.000000 0.000000 0.000000 0.000000 0.000000 0.000000 
Average aggregated throughput [Mbps]
4.124588
Cell occupancy per satellite per carrier
100 100 100 100 0 0 0 0 0 0 
100 100 100 100 0 0 0 0 0 0 
100 100 100 100 0 0 0 0 0 0 
100 100 100 100 0 0 0 0 0 0 
100 100 100 100 0 0 0 0 0 0 
Cell occupancy per satellite
500 500 500 500 0 0 0 0 0 0 
Number of handovers
0