0 1083.87 4757.79 4094.43
1 1609.42 -5859.53 -1933.12
2 -4495.09 -1623.7 -4214.98
3 -5770.47 -2103.53 1731.93
4 5101.83 -2366.95 3009.44
5 -2893.82 3123.13 4737.71
6 -58.6866 -5988.22 -2191.82
7 1918.85 -5975.25 -1161.17
8 3782.93 -3239.21 -3973.01
9 -2120.94 4652.8 -3801.55
10 6318.11 567.044 -693.626
11 4242.44 -3704.63 -2988.59
12 -1501.14 5847.61 -2062.18
13 3311.02 -3173.21 4425.45
14 6340.28 -500.382 -531.27
15 5602.96 -1075.36 -2853.72
16 5102.48 -24.0005 3814.78
17 -1036.86 -4634.29 -4252
18 1348.54 4094.97 4691
19 1478.64 -5433.87 2994.82
