0 -66.1963 4.50861e-13 7363.12
1 -836.896 4.47971e-13 7315.8
2 -1598.43 4.40174e-13 7188.16
3 -2342.46 4.27555e-13 6981.62
4 -3060.84 4.10248e-13 6698.42
5 -3745.68 3.88439e-13 6341.65
6 -4389.47 3.62362e-13 5915.22
7 -4985.14 3.323e-13 5423.79
8 -5526.15 2.98577e-13 4872.74
9 -6006.55 2.61562e-13 4268.12
10 -6421.05 2.21659e-13 3616.55
11 -6765.1 1.79306e-13 2925.21
12 -7034.9 1.34968e-13 2201.69
13 -7227.49 8.91371e-14 1453.94
14 -7340.77 4.23185e-14 690.201
15 -7373.51 -4.96889e-15 -81.1298
16 -7325.37 -5.22013e-14 -851.569
17 -7196.9 -9.88559e-14 -1612.65
18 -6989.56 -1.44417e-13 -2356.01
19 -6705.66 -1.88383e-13 -3073.51
20 -6348.35 -2.3027e-13 -3757.28
21 -5921.6 -2.6962e-13 -4399.85
22 -5430.13 -3.06005e-13 -4994.21
23 -4879.34 -3.3903e-13 -5533.89
24 -4275.29 -3.68339e-13 -6013.03
25 -3624.61 -3.93618e-13 -6426.41
26 -2934.43 -4.14595e-13 -6769.58
27 -2212.27 -4.31049e-13 -7038.82
28 -1466.02 -4.42805e-13 -7231.22
29 -703.807 -4.49738e-13 -7344.71
30 66.0623 -4.51776e-13 -7378.07
31 835.213 -4.48897e-13 -7330.93
32 1595.27 -4.41132e-13 -7203.8
33 2337.97 -4.28562e-13 -6998.06
34 3055.2 -4.1132e-13 -6715.93
35 3739.14 -3.89589e-13 -6360.44
36 4382.32 -3.636e-13 -5935.44
37 4977.69 -3.33632e-13 -5445.55
38 5518.73 -3.00005e-13 -4896.06
39 5999.48 -2.63084e-13 -4292.96
40 6414.64 -2.23268e-13 -3642.82
41 6759.62 -1.80991e-13 -2952.72
42 7030.6 -1.36718e-13 -2230.23
43 7224.57 -9.09332e-14 -1483.24
44 7339.35 -4.41428e-14 -719.959
45 7373.64 3.13618e-15 51.2358
46 7327.05 5.03804e-14 821.867
47 7200.07 9.70666e-14 1583.46
48 6994.07 1.42678e-13 2327.63
49 6711.31 1.86709e-13 3046.2
50 6354.9 2.28676e-13 3731.25
51 5928.76 2.68115e-13 4375.26
52 5437.58 3.04594e-13 4971.16
53 4886.76 3.37715e-13 5512.4
54 4282.36 3.67117e-13 5993.06
55 3631.02 3.92482e-13 6407.86
56 2939.89 4.13536e-13 6752.27
57 2216.55 4.30052e-13 7022.53
58 1468.93 4.41854e-13 7215.69
59 705.229 4.48815e-13 7329.63
60 -66.1056 -3.46445 7363.12
61 -835.749 -43.7998 7315.8
62 -1596.24 -83.6555 7188.16
63 -2339.25 -122.595 6981.62
64 -3056.64 -160.192 6698.42
65 -3740.54 -196.034 6341.65
66 -4383.45 -229.727 5915.22
67 -4978.31 -260.902 5423.79
68 -5518.58 -289.217 4872.74
69 -5998.32 -314.359 4268.12
70 -6412.25 -336.052 3616.55
71 -6755.82 -354.058 2925.21
72 -7025.26 -368.178 2201.69
73 -7217.59 -378.258 1453.94
74 -7330.71 -384.186 690.201
75 -7363.4 -385.9 -81.1298
76 -7315.33 -383.38 -851.569
77 -7187.04 -376.657 -1612.65
78 -6979.98 -365.805 -2356.01
79 -6696.47 -350.947 -3073.51
80 -6339.65 -332.247 -3757.28
81 -5913.49 -309.913 -4399.85
82 -5422.69 -284.191 -4994.21
83 -4872.65 -255.365 -5533.89
84 -4269.43 -223.752 -6013.03
85 -3619.65 -189.698 -6426.41
86 -2930.4 -153.576 -6769.58
87 -2209.23 -115.781 -7038.82
88 -1464.01 -76.7254 -7231.22
89 -702.843 -36.8344 -7344.71
90 65.9718 3.45743 -7378.07
91 834.068 43.7117 -7330.93
92 1593.09 83.4901 -7203.8
93 2334.76 122.36 -6998.06
94 3051.01 159.897 -6715.93
95 3734.01 195.691 -6360.44
96 4376.31 229.353 -5935.44
97 4970.87 260.512 -5445.55
98 5511.17 288.828 -4896.06
99 5991.26 313.988 -4292.96
100 6405.85 335.716 -3642.82
101 6750.36 353.771 -2952.72
102 7020.97 367.953 -2230.23
103 7214.67 378.105 -1483.24
104 7329.29 384.112 -719.959
105 7363.54 385.907 51.2358
106 7317.01 383.468 821.867
107 7190.2 376.822 1583.46
108 6984.48 366.041 2327.63
109 6702.11 351.243 3046.2
110 6346.19 332.59 3731.25
111 5920.64 310.287 4375.26
112 5430.13 284.581 4971.16
113 4880.06 255.753 5512.4
114 4276.49 224.121 5993.06
115 3626.04 190.033 6407.86
116 2935.86 153.862 6752.27
117 2213.51 116.005 7022.53
118 1466.92 76.8779 7215.69
119 704.262 36.9088 7329.63
120 -65.7029 -8.0673 7363.12
121 -830.658 -101.992 7315.8
122 -1586.52 -194.8 7188.16
123 -2325 -285.474 6981.62
124 -3038.02 -373.022 6698.42
125 -3717.76 -456.483 6341.65
126 -4356.75 -534.942 5915.22
127 -4947.98 -607.536 5423.79
128 -5484.96 -673.469 4872.74
129 -5961.78 -732.015 4268.12
130 -6373.19 -782.53 3616.55
131 -6714.67 -824.458 2925.21
132 -6982.46 -857.338 2201.69
133 -7173.62 -880.81 1453.94
134 -7286.06 -894.615 690.201
135 -7318.55 -898.605 -81.1298
136 -7270.76 -892.737 -851.569
137 -7143.25 -877.081 -1612.65
138 -6937.46 -851.813 -2356.01
139 -6655.67 -817.214 -3073.51
140 -6301.03 -773.67 -3757.28
141 -5877.47 -721.662 -4399.85
142 -5389.65 -661.766 -4994.21
143 -4842.97 -594.642 -5533.89
144 -4243.43 -521.027 -6013.03
145 -3597.6 -441.729 -6426.41
146 -2912.55 -357.616 -6769.58
147 -2195.78 -269.607 -7038.82
148 -1455.09 -178.663 -7231.22
149 -698.561 -85.7726 -7344.71
150 65.5699 8.05097 -7378.07
151 828.988 101.787 -7330.93
152 1583.38 194.415 -7203.8
153 2320.54 284.926 -6998.06
154 3032.42 372.335 -6715.93
155 3711.27 455.686 -6360.44
156 4349.65 534.07 -5935.44
157 4940.59 606.628 -5445.55
158 5477.59 672.564 -4896.06
159 5954.76 731.152 -4292.96
160 6366.82 781.748 -3642.82
161 6709.24 823.791 -2952.72
162 6978.2 856.815 -2230.23
163 7170.72 880.453 -1483.24
164 7284.64 894.441 -719.959
165 7318.68 898.621 51.2358
166 7272.44 892.943 821.867
167 7146.4 877.468 1583.46
168 6941.94 852.362 2327.63
169 6661.28 817.903 3046.2
170 6307.53 774.468 3731.25
171 5884.57 722.534 4375.26
172 5397.05 662.674 4971.16
173 4850.34 595.546 5512.4
174 4250.44 521.888 5993.06
175 3603.95 442.51 6407.86
176 2917.97 358.282 6752.27
177 2200.03 270.129 7022.53
178 1457.98 179.018 7215.69
179 699.972 85.9457 7329.63
180 -65.1906 -11.4949 7363.12
181 -824.182 -145.326 7315.8
182 -1574.15 -277.565 7188.16
183 -2306.88 -406.764 6981.62
184 -3014.34 -531.509 6698.42
185 -3688.77 -650.43 6341.65
186 -4322.78 -762.223 5915.22
187 -4909.41 -865.661 5423.79
188 -5442.2 -959.606 4872.74
189 -5915.3 -1043.03 4268.12
190 -6323.5 -1115 3616.55
191 -6662.32 -1174.75 2925.21
192 -6928.02 -1221.6 2201.69
193 -7117.69 -1255.04 1453.94
194 -7229.25 -1274.71 690.201
195 -7261.49 -1280.4 -81.1298
196 -7214.08 -1272.04 -851.569
197 -7087.56 -1249.73 -1612.65
198 -6883.37 -1213.72 -2356.01
199 -6603.78 -1164.43 -3073.51
200 -6251.91 -1102.38 -3757.28
201 -5831.64 -1028.28 -4399.85
202 -5347.63 -942.932 -4994.21
203 -4805.21 -847.288 -5533.89
204 -4210.34 -742.397 -6013.03
205 -3569.55 -629.408 -6426.41
206 -2889.84 -509.558 -6769.58
207 -2178.66 -384.156 -7038.82
208 -1443.74 -254.571 -7231.22
209 -693.115 -122.215 -7344.71
210 65.0587 11.4716 -7378.07
211 822.524 145.033 -7330.93
212 1571.04 277.016 -7203.8
213 2302.45 405.983 -6998.06
214 3008.78 530.529 -6715.93
215 3682.33 649.295 -6360.44
216 4315.74 760.981 -5935.44
217 4902.07 864.367 -5445.55
218 5434.89 958.317 -4896.06
219 5908.33 1041.8 -4292.96
220 6317.19 1113.89 -3642.82
221 6656.93 1173.8 -2952.72
222 6923.79 1220.85 -2230.23
223 7114.81 1254.53 -1483.24
224 7227.85 1274.46 -719.959
225 7261.62 1280.42 51.2358
226 7215.74 1272.33 821.867
227 7090.68 1250.28 1583.46
228 6887.81 1214.51 2327.63
229 6609.35 1165.41 3046.2
230 6258.36 1103.52 3731.25
231 5838.69 1029.52 4375.26
232 5354.97 944.226 4971.16
233 4812.52 848.577 5512.4
234 4217.3 743.624 5993.06
235 3575.85 630.52 6407.86
236 2895.22 510.506 6752.27
237 2182.87 384.899 7022.53
238 1446.61 255.077 7215.69
239 694.515 122.462 7329.63
240 -64.23 -16.0143 7363.12
241 -812.037 -202.464 7315.8
242 -1550.95 -386.696 7188.16
243 -2272.88 -566.693 6981.62
244 -2969.92 -740.483 6698.42
245 -3634.41 -906.161 6341.65
246 -4259.08 -1061.91 5915.22
247 -4837.06 -1206.01 5423.79
248 -5362 -1336.9 4872.74
249 -5828.13 -1453.12 4268.12
250 -6230.32 -1553.39 3616.55
251 -6564.14 -1636.62 2925.21
252 -6825.93 -1701.9 2201.69
253 -7012.8 -1748.49 1453.94
254 -7122.72 -1775.89 690.201
255 -7154.48 -1783.81 -81.1298
256 -7107.77 -1772.17 -851.569
257 -6983.12 -1741.09 -1612.65
258 -6781.94 -1690.93 -2356.01
259 -6506.47 -1622.25 -3073.51
260 -6159.78 -1535.81 -3757.28
261 -5745.71 -1432.57 -4399.85
262 -5268.83 -1313.67 -4994.21
263 -4734.4 -1180.42 -5533.89
264 -4148.3 -1034.29 -6013.03
265 -3516.95 -876.874 -6426.41
266 -2847.26 -709.902 -6769.58
267 -2146.55 -535.196 -7038.82
268 -1422.47 -354.662 -7231.22
269 -682.901 -170.266 -7344.71
270 64.1 15.9819 -7378.07
271 810.404 202.056 -7330.93
272 1547.89 385.931 -7203.8
273 2268.52 565.605 -6998.06
274 2964.44 739.119 -6715.93
275 3628.07 904.579 -6360.44
276 4252.14 1060.18 -5935.44
277 4829.83 1204.21 -5445.55
278 5354.8 1335.1 -4896.06
279 5821.27 1451.41 -4292.96
280 6224.1 1551.84 -3642.82
281 6558.83 1635.3 -2952.72
282 6821.76 1700.86 -2230.23
283 7009.97 1747.78 -1483.24
284 7121.34 1775.55 -719.959
285 7154.61 1783.85 51.2358
286 7109.41 1772.57 821.867
287 6986.2 1741.85 1583.46
288 6786.31 1692.02 2327.63
289 6511.96 1623.61 3046.2
290 6166.13 1537.39 3731.25
291 5752.65 1434.3 4375.26
292 5276.06 1315.47 4971.16
293 4741.6 1182.21 5512.4
294 4155.15 1036 5993.06
295 3523.16 878.423 6407.86
296 2852.56 711.223 6752.27
297 2150.71 536.231 7022.53
298 1425.3 355.367 7215.69
299 684.28 170.61 7329.63
300 -62.9564 -20.4558 7363.12
301 -795.936 -258.615 7315.8
302 -1520.2 -493.943 7188.16
303 -2227.81 -723.861 6981.62
304 -2911.03 -945.851 6698.42
305 -3562.35 -1157.48 6341.65
306 -4174.63 -1356.42 5915.22
307 -4741.15 -1540.49 5423.79
308 -5255.68 -1707.68 4872.74
309 -5712.57 -1856.13 4268.12
310 -6106.78 -1984.21 3616.55
311 -6433.99 -2090.53 2925.21
312 -6690.58 -2173.9 2201.69
313 -6873.75 -2233.42 1453.94
314 -6981.49 -2268.42 690.201
315 -7012.62 -2278.54 -81.1298
316 -6966.84 -2263.66 -851.569
317 -6844.66 -2223.96 -1612.65
318 -6647.46 -2159.89 -2356.01
319 -6377.46 -2072.16 -3073.51
320 -6037.64 -1961.75 -3757.28
321 -5631.78 -1829.88 -4399.85
322 -5164.36 -1678 -4994.21
323 -4640.53 -1507.8 -5533.89
324 -4066.04 -1321.14 -6013.03
325 -3447.21 -1120.07 -6426.41
326 -2790.8 -906.787 -6769.58
327 -2103.99 -683.628 -7038.82
328 -1394.26 -453.024 -7231.22
329 -669.361 -217.488 -7344.71
330 62.829 20.4144 -7378.07
331 794.335 258.095 -7330.93
332 1517.19 492.966 -7203.8
333 2223.54 722.471 -6998.06
334 2905.66 944.107 -6715.93
335 3556.13 1155.46 -6360.44
336 4167.83 1354.21 -5935.44
337 4734.07 1538.19 -5445.55
338 5248.62 1705.38 -4896.06
339 5705.84 1853.94 -4292.96
340 6100.68 1982.23 -3642.82
341 6428.78 2088.84 -2952.72
342 6686.5 2172.58 -2230.23
343 6870.97 2232.51 -1483.24
344 6980.13 2267.98 -719.959
345 7012.75 2278.58 51.2358
346 6968.44 2264.18 821.867
347 6847.67 2224.94 1583.46
348 6651.75 2161.29 2327.63
349 6382.83 2073.91 3046.2
350 6043.87 1963.77 3731.25
351 5638.59 1832.09 4375.26
352 5171.45 1680.3 4971.16
353 4647.59 1510.09 5512.4
354 4072.77 1323.32 5993.06
355 3453.3 1122.05 6407.86
356 2796 908.475 6752.27
357 2108.06 684.951 7022.53
358 1397.04 453.925 7215.69
359 670.712 217.928 7329.63
360 -61.7996 -23.7226 7363.12
361 -781.31 -299.917 7315.8
362 -1492.27 -572.827 7188.16
363 -2186.88 -839.464 6981.62
364 -2857.54 -1096.91 6698.42
365 -3496.89 -1342.33 6341.65
366 -4097.92 -1573.04 5915.22
367 -4654.03 -1786.52 5423.79
368 -5159.11 -1980.4 4872.74
369 -5607.6 -2152.56 4268.12
370 -5994.57 -2301.1 3616.55
371 -6315.76 -2424.39 2925.21
372 -6567.64 -2521.08 2201.69
373 -6747.44 -2590.1 1453.94
374 -6853.2 -2630.7 690.201
375 -6883.76 -2642.43 -81.1298
376 -6838.82 -2625.18 -851.569
377 -6718.88 -2579.14 -1612.65
378 -6525.31 -2504.83 -2356.01
379 -6260.27 -2403.09 -3073.51
380 -5926.7 -2275.05 -3757.28
381 -5528.29 -2122.11 -4399.85
382 -5069.46 -1945.98 -4994.21
383 -4555.26 -1748.6 -5533.89
384 -3991.33 -1532.13 -6013.03
385 -3383.87 -1298.95 -6426.41
386 -2739.52 -1051.6 -6769.58
387 -2065.33 -792.805 -7038.82
388 -1368.64 -525.373 -7231.22
389 -657.061 -252.222 -7344.71
390 61.6745 23.6746 -7378.07
391 779.739 299.314 -7330.93
392 1489.32 571.695 -7203.8
393 2182.68 837.852 -6998.06
394 2852.27 1094.88 -6715.93
395 3490.79 1339.99 -6360.44
396 4091.25 1570.48 -5935.44
397 4647.08 1783.85 -5445.55
398 5152.18 1977.74 -4896.06
399 5600.99 2150.02 -4292.96
400 5988.58 2298.8 -3642.82
401 6310.65 2422.43 -2952.72
402 6563.63 2519.54 -2230.23
403 6744.72 2589.05 -1483.24
404 6851.87 2630.19 -719.959
405 6883.89 2642.48 51.2358
406 6840.39 2625.78 821.867
407 6721.84 2580.27 1583.46
408 6529.52 2506.45 2327.63
409 6265.55 2405.12 3046.2
410 5932.81 2277.39 3731.25
411 5534.98 2124.68 4375.26
412 5076.42 1948.65 4971.16
413 4562.18 1751.26 5512.4
414 3997.93 1534.66 5993.06
415 3389.85 1301.24 6407.86
416 2744.62 1053.56 6752.27
417 2069.33 794.34 7022.53
418 1371.37 526.418 7215.69
419 658.388 252.731 7329.63
420 -59.9942 -27.9758 7363.12
421 -758.486 -353.688 7315.8
422 -1448.67 -675.527 7188.16
423 -2122.99 -989.968 6981.62
424 -2774.06 -1293.57 6698.42
425 -3394.74 -1582.99 6341.65
426 -3978.21 -1855.07 5915.22
427 -4518.07 -2106.81 5423.79
428 -5008.4 -2335.45 4872.74
429 -5443.78 -2538.48 4268.12
430 -5819.45 -2713.65 3616.55
431 -6131.26 -2859.05 2925.21
432 -6375.78 -2973.08 2201.69
433 -6550.33 -3054.47 1453.94
434 -6653 -3102.34 690.201
435 -6682.67 -3116.18 -81.1298
436 -6639.04 -3095.83 -851.569
437 -6522.61 -3041.54 -1612.65
438 -6334.69 -2953.91 -2356.01
439 -6077.39 -2833.93 -3073.51
440 -5753.56 -2682.93 -3757.28
441 -5366.8 -2502.58 -4399.85
442 -4921.37 -2294.87 -4994.21
443 -4422.18 -2062.1 -5533.89
444 -3874.73 -1806.82 -6013.03
445 -3285.02 -1531.83 -6426.41
446 -2659.49 -1240.14 -6769.58
447 -2004.99 -934.944 -7038.82
448 -1328.66 -619.566 -7231.22
449 -637.866 -297.442 -7344.71
450 59.8728 27.9191 -7378.07
451 756.96 352.976 -7330.93
452 1445.81 674.192 -7203.8
453 2118.92 988.067 -6998.06
454 2768.95 1291.18 -6715.93
455 3388.81 1580.23 -6360.44
456 3971.73 1852.05 -5935.44
457 4511.32 2103.66 -5445.55
458 5001.67 2332.32 -4896.06
459 5437.37 2535.49 -4292.96
460 5813.64 2710.94 -3642.82
461 6126.3 2856.74 -2952.72
462 6371.89 2971.26 -2230.23
463 6547.68 3053.23 -1483.24
464 6651.71 3101.74 -719.959
465 6682.79 3116.24 51.2358
466 6640.57 3096.55 821.867
467 6525.48 3042.88 1583.46
468 6338.78 2955.82 2327.63
469 6082.51 2836.32 3046.2
470 5759.5 2685.7 3731.25
471 5373.28 2505.6 4375.26
472 4928.12 2298.02 4971.16
473 4428.91 2065.23 5512.4
474 3881.14 1809.8 5993.06
475 3290.82 1534.53 6407.86
476 2664.44 1242.45 6752.27
477 2008.87 936.753 7022.53
478 1331.3 620.797 7215.69
479 639.154 298.042 7329.63
480 -58.4479 -31.0773 7363.12
481 -738.936 -392.899 7315.8
482 -1411.33 -750.418 7188.16
483 -2068.27 -1099.72 6981.62
484 -2702.56 -1436.98 6698.42
485 -3307.24 -1758.49 6341.65
486 -3875.67 -2060.73 5915.22
487 -4401.62 -2340.38 5423.79
488 -4879.3 -2594.37 4872.74
489 -5303.47 -2819.91 4268.12
490 -5669.45 -3014.5 3616.55
491 -5973.23 -3176.02 2925.21
492 -6211.45 -3302.68 2201.69
493 -6381.5 -3393.1 1453.94
494 -6481.52 -3446.28 690.201
495 -6510.42 -3461.65 -81.1298
496 -6467.91 -3439.05 -851.569
497 -6354.48 -3378.74 -1612.65
498 -6171.41 -3281.4 -2356.01
499 -5920.74 -3148.12 -3073.51
500 -5605.26 -2980.37 -3757.28
501 -5228.47 -2780.02 -4399.85
502 -4794.52 -2549.29 -4994.21
503 -4308.2 -2290.71 -5533.89
504 -3774.86 -2007.13 -6013.03
505 -3200.34 -1701.65 -6426.41
506 -2590.94 -1377.63 -6769.58
507 -1953.32 -1038.6 -7038.82
508 -1294.42 -688.253 -7231.22
509 -621.425 -330.418 -7344.71
510 58.3296 31.0144 -7378.07
511 737.449 392.109 -7330.93
512 1408.54 748.935 -7203.8
513 2064.3 1097.61 -6998.06
514 2697.58 1434.33 -6715.93
515 3301.46 1755.42 -6360.44
516 3869.36 2057.37 -5935.44
517 4395.04 2336.88 -5445.55
518 4872.75 2590.89 -4896.06
519 5297.22 2816.58 -4292.96
520 5663.79 3011.49 -3642.82
521 5968.39 3173.45 -2952.72
522 6207.65 3300.67 -2230.23
523 6378.91 3391.73 -1483.24
524 6480.26 3445.61 -719.959
525 6510.54 3461.72 51.2358
526 6469.4 3439.84 821.867
527 6357.28 3380.23 1583.46
528 6175.4 3283.52 2327.63
529 5925.73 3150.77 3046.2
530 5611.04 2983.45 3731.25
531 5234.79 2783.38 4375.26
532 4801.1 2552.79 4971.16
533 4314.75 2294.19 5512.4
534 3781.1 2010.45 5993.06
535 3206 1704.66 6407.86
536 2595.77 1380.19 6752.27
537 1957.1 1040.61 7022.53
538 1296.99 689.621 7215.69
539 622.68 331.085 7329.63
540 -165.306 -103.295 7360.85
541 -818.097 -511.204 7300.07
542 -1461.93 -913.515 7159.17
543 -2089.75 -1305.82 6939.67
544 -2694.68 -1683.83 6643.97
545 -3270.09 -2043.38 6275.3
546 -3809.66 -2380.54 5837.69
547 -4307.47 -2691.61 5335.93
548 -4758.04 -2973.15 4775.52
549 -5156.42 -3222.09 4162.59
550 -5498.23 -3435.68 3503.89
551 -5779.71 -3611.56 2806.65
552 -5997.76 -3747.81 2078.52
553 -6149.98 -3842.93 1327.54
554 -6234.72 -3895.88 561.945
555 -6251.05 -3906.09 -209.828
556 -6198.81 -3873.45 -979.294
557 -6078.61 -3798.34 -1738
558 -5891.8 -3681.6 -2477.61
559 -5640.46 -3524.55 -3190.02
560 -5327.38 -3328.92 -3867.43
561 -4956.03 -3096.87 -4502.44
562 -4530.52 -2830.98 -5088.12
563 -4055.53 -2534.17 -5618.1
564 -3536.27 -2209.71 -6086.62
565 -2978.45 -1861.14 -6488.6
566 -2388.17 -1492.29 -6819.68
567 -1771.87 -1107.19 -7076.29
568 -1136.27 -710.022 -7255.66
569 -488.308 -305.129 -7355.86
570 164.971 103.086 -7375.8
571 816.455 510.178 -7315.27
572 1459.05 911.717 -7174.92
573 2085.76 1303.33 -6956.27
574 2689.76 1680.75 -6661.68
575 3264.44 2039.85 -6294.32
576 3803.54 2376.71 -5858.17
577 4301.14 2687.65 -5357.95
578 4751.78 2969.24 -4799.1
579 5150.5 3218.39 -4187.68
580 5492.91 3432.35 -3530.38
581 5775.22 3608.76 -2834.35
582 5994.3 3745.65 -2107.21
583 6147.71 3841.51 -1356.93
584 6233.72 3895.26 -591.748
585 6251.38 3906.3 179.943
586 6200.46 3874.48 949.655
587 6081.5 3800.14 1708.92
588 5895.8 3684.1 2449.39
589 5645.39 3527.63 3162.91
590 5333.04 3332.45 3841.63
591 4962.16 3100.7 4478.1
592 4536.86 2834.94 5065.33
593 4061.79 2538.09 5596.87
594 3542.19 2213.41 6066.9
595 2983.77 1864.46 6470.26
596 2392.65 1495.09 6802.56
597 1775.31 1109.34 7060.15
598 1138.54 711.438 7240.23
599 489.295 305.746 7340.82
600 -157.698 -114.574 7360.85
601 -780.444 -567.026 7300.07
602 -1394.64 -1013.27 7159.17
603 -1993.57 -1448.41 6939.67
604 -2570.66 -1867.7 6643.97
605 -3119.59 -2266.51 6275.3
606 -3634.32 -2640.49 5837.69
607 -4109.22 -2985.52 5335.93
608 -4539.05 -3297.82 4775.52
609 -4919.1 -3573.94 4162.59
610 -5245.18 -3810.85 3503.89
611 -5513.7 -4005.94 2806.65
612 -5721.71 -4157.07 2078.52
613 -5866.93 -4262.57 1327.54
614 -5947.76 -4321.3 561.945
615 -5963.34 -4332.62 -209.828
616 -5913.51 -4296.42 -979.294
617 -5798.85 -4213.11 -1738
618 -5620.63 -4083.63 -2477.61
619 -5380.86 -3909.42 -3190.02
620 -5082.19 -3692.43 -3867.43
621 -4727.93 -3435.05 -4502.44
622 -4322.01 -3140.12 -5088.12
623 -3868.87 -2810.9 -5618.1
624 -3373.52 -2451 -6086.62
625 -2841.37 -2064.38 -6488.6
626 -2278.25 -1655.25 -6819.68
627 -1690.32 -1228.09 -7076.29
628 -1083.98 -787.555 -7255.66
629 -465.834 -338.448 -7355.86
630 157.379 114.342 -7375.8
631 778.878 565.888 -7315.27
632 1391.9 1011.27 -7174.92
633 1989.77 1445.65 -6956.27
634 2565.96 1864.28 -6661.68
635 3114.2 2262.6 -6294.32
636 3628.48 2636.25 -5858.17
637 4103.18 2981.13 -5357.95
638 4533.08 3293.47 -4799.1
639 4913.45 3569.83 -4187.68
640 5240.1 3807.16 -3530.38
641 5509.42 4002.83 -2834.35
642 5718.41 4154.67 -2107.21
643 5864.76 4261 -1356.93
644 5946.82 4320.62 -591.748
645 5963.66 4332.86 179.943
646 5915.08 4297.56 949.655
647 5801.6 4215.11 1708.92
648 5624.45 4086.4 2449.39
649 5385.57 3912.84 3162.91
650 5087.59 3696.35 3841.63
651 4733.78 3439.29 4478.1
652 4328.05 3144.51 5065.33
653 3874.85 2815.24 5596.87
654 3379.16 2455.11 6066.9
655 2846.44 2068.06 6470.26
656 2282.52 1658.35 6802.56
657 1693.61 1230.48 7060.15
658 1086.14 789.125 7240.23
659 466.776 339.132 7340.82
660 -151.485 -122.67 7360.85
661 -749.699 -607.094 7300.07
662 -1339.7 -1084.87 7159.17
663 -1915.04 -1550.77 6939.67
664 -2469.39 -1999.67 6643.97
665 -2996.69 -2426.67 6275.3
666 -3491.15 -2827.08 5837.69
667 -3947.34 -3196.49 5335.93
668 -4360.24 -3530.85 4775.52
669 -4725.31 -3826.48 4162.59
670 -5038.55 -4080.14 3503.89
671 -5296.49 -4289.01 2806.65
672 -5496.31 -4450.82 2078.52
673 -5635.8 -4563.78 1327.54
674 -5713.45 -4626.66 561.945
675 -5728.42 -4638.78 -209.828
676 -5680.55 -4600.02 -979.294
677 -5570.4 -4510.82 -1738
678 -5399.21 -4372.19 -2477.61
679 -5168.88 -4185.68 -3190.02
680 -4881.98 -3953.35 -3867.43
681 -4541.68 -3677.78 -4502.44
682 -4151.74 -3362.01 -5088.12
683 -3716.46 -3009.53 -5618.1
684 -3240.62 -2624.2 -6086.62
685 -2729.44 -2210.25 -6488.6
686 -2188.5 -1772.21 -6819.68
687 -1623.73 -1314.87 -7076.29
688 -1041.27 -843.206 -7255.66
689 -447.482 -362.364 -7355.86
690 151.179 122.422 -7375.8
691 748.194 605.876 -7315.27
692 1337.07 1082.73 -7174.92
693 1911.38 1547.81 -6956.27
694 2464.88 1996.02 -6661.68
695 2991.52 2422.48 -6294.32
696 3485.54 2822.53 -5858.17
697 3941.53 3191.79 -5357.95
698 4354.5 3526.2 -4799.1
699 4719.89 3822.09 -4187.68
700 5033.67 4076.19 -3530.38
701 5292.38 4285.68 -2834.35
702 5493.14 4448.26 -2107.21
703 5633.72 4562.1 -1356.93
704 5712.55 4625.93 -591.748
705 5728.73 4639.03 179.943
706 5682.06 4601.24 949.655
707 5573.05 4512.96 1708.92
708 5402.87 4375.16 2449.39
709 5173.4 4189.34 3162.91
710 4887.16 3957.55 3841.63
711 4547.3 3682.33 4478.1
712 4157.55 3366.71 5065.33
713 3722.2 3014.18 5596.87
714 3246.04 2628.59 6066.9
715 2734.3 2214.2 6470.26
716 2192.61 1775.54 6802.56
717 1626.89 1317.43 7060.15
718 1043.35 844.888 7240.23
719 448.387 363.097 7340.82
720 -142.559 -132.939 7360.85
721 -705.524 -657.912 7300.07
722 -1260.76 -1175.68 7159.17
723 -1802.19 -1680.57 6939.67
724 -2323.89 -2167.06 6643.97
725 -2820.12 -2629.8 6275.3
726 -3285.44 -3063.72 5837.69
727 -3714.75 -3464.06 5335.93
728 -4103.32 -3826.41 4775.52
729 -4446.88 -4146.78 4162.59
730 -4741.66 -4421.67 3503.89
731 -4984.4 -4648.03 2806.65
732 -5172.44 -4823.38 2078.52
733 -5303.72 -4945.8 1327.54
734 -5376.8 -5013.94 561.945
735 -5390.88 -5027.08 -209.828
736 -5345.83 -4985.07 -979.294
737 -5242.17 -4888.41 -1738
738 -5081.07 -4738.17 -2477.61
739 -4864.31 -4536.04 -3190.02
740 -4594.31 -4284.27 -3867.43
741 -4274.07 -3985.63 -4502.44
742 -3907.11 -3643.43 -5088.12
743 -3497.47 -3261.45 -5618.1
744 -3049.67 -2843.86 -6086.62
745 -2568.61 -2395.27 -6488.6
746 -2059.55 -1920.56 -6819.68
747 -1528.05 -1424.93 -7076.29
748 -979.917 -913.788 -7255.66
749 -421.115 -392.696 -7355.86
750 142.271 132.67 -7375.8
751 704.108 656.591 -7315.27
752 1258.28 1173.37 -7174.92
753 1798.76 1677.37 -6956.27
754 2319.64 2163.1 -6661.68
755 2815.24 2625.26 -6294.32
756 3280.16 3058.8 -5858.17
757 3709.28 3458.96 -5357.95
758 4097.91 3821.37 -4799.1
759 4441.77 4142.02 -4187.68
760 4737.07 4417.39 -3530.38
761 4980.53 4644.42 -2834.35
762 5169.46 4820.6 -2107.21
763 5301.76 4943.97 -1356.93
764 5375.94 5013.15 -591.748
765 5391.17 5027.35 179.943
766 5347.25 4986.39 949.655
767 5244.66 4890.73 1708.92
768 5084.52 4741.39 2449.39
769 4868.57 4540.01 3162.91
770 4599.19 4288.82 3841.63
771 4279.35 3990.56 4478.1
772 3912.57 3648.53 5065.33
773 3502.87 3266.48 5596.87
774 3054.77 2848.62 6066.9
775 2573.19 2399.54 6470.26
776 2063.41 1924.16 6802.56
777 1531.02 1427.7 7060.15
778 981.872 915.61 7240.23
779 421.967 393.49 7340.82
780 -135.406 -140.217 7360.85
781 -670.125 -693.934 7300.07
782 -1197.5 -1240.05 7159.17
783 -1711.77 -1772.59 6939.67
784 -2207.29 -2285.71 6643.97
785 -2678.62 -2773.79 6275.3
786 -3120.59 -3231.47 5837.69
787 -3528.36 -3653.72 5335.93
788 -3897.44 -4035.91 4775.52
789 -4223.76 -4373.83 4162.59
790 -4503.75 -4663.77 3503.89
791 -4734.31 -4902.52 2806.65
792 -4912.92 -5087.48 2078.52
793 -5037.61 -5216.6 1327.54
794 -5107.02 -5288.47 561.945
795 -5120.39 -5302.32 -209.828
796 -5077.61 -5258.02 -979.294
797 -4979.15 -5156.06 -1738
798 -4826.13 -4997.6 -2477.61
799 -4620.25 -4784.41 -3190.02
800 -4363.8 -4518.84 -3867.43
801 -4059.62 -4203.86 -4502.44
802 -3711.07 -3842.92 -5088.12
803 -3321.99 -3440.02 -5618.1
804 -2896.65 -2999.57 -6086.62
805 -2439.73 -2526.41 -6488.6
806 -1956.21 -2025.72 -6819.68
807 -1451.38 -1502.95 -7076.29
808 -930.75 -963.82 -7255.66
809 -399.986 -414.197 -7355.86
810 135.132 139.934 -7375.8
811 668.78 692.542 -7315.27
812 1195.15 1237.61 -7174.92
813 1708.5 1769.21 -6956.27
814 2203.25 2281.53 -6661.68
815 2673.99 2769 -6294.32
816 3115.58 3226.27 -5858.17
817 3523.17 3648.35 -5357.95
818 3892.3 4030.6 -4799.1
819 4218.91 4368.81 -4187.68
820 4499.39 4659.25 -3530.38
821 4730.64 4898.72 -2834.35
822 4910.09 5084.54 -2107.21
823 5035.75 5214.67 -1356.93
824 5106.21 5287.63 -591.748
825 5120.67 5302.61 179.943
826 5078.96 5259.41 949.655
827 4981.51 5158.51 1708.92
828 4829.4 5000.99 2449.39
829 4624.29 4788.59 3162.91
830 4368.43 4523.64 3841.63
831 4064.64 4209.06 4478.1
832 3716.26 3848.3 5065.33
833 3327.12 3445.33 5596.87
834 2901.5 3004.59 6066.9
835 2444.08 2530.92 6470.26
836 1959.88 2029.51 6802.56
837 1454.21 1505.87 7060.15
838 932.607 965.743 7240.23
839 400.795 415.035 7340.82
840 -125.295 -149.321 7360.85
841 -620.086 -738.99 7300.07
842 -1108.09 -1320.57 7159.17
843 -1583.95 -1887.68 6939.67
844 -2042.47 -2434.12 6643.97
845 -2478.6 -2953.88 6275.3
846 -2887.58 -3441.28 5837.69
847 -3264.89 -3890.95 5335.93
848 -3606.41 -4297.95 4775.52
849 -3908.37 -4657.81 4162.59
850 -4167.45 -4966.57 3503.89
851 -4380.8 -5220.83 2806.65
852 -4546.07 -5417.79 2078.52
853 -4661.45 -5555.3 1327.54
854 -4725.67 -5631.84 561.945
855 -4738.05 -5646.59 -209.828
856 -4698.46 -5599.4 -979.294
857 -4607.35 -5490.83 -1738
858 -4465.76 -5322.08 -2477.61
859 -4275.25 -5095.04 -3190.02
860 -4037.95 -4812.24 -3867.43
861 -3756.48 -4476.8 -4502.44
862 -3433.96 -4092.43 -5088.12
863 -3073.93 -3663.37 -5618.1
864 -2680.36 -3194.33 -6086.62
865 -2257.55 -2690.45 -6488.6
866 -1810.14 -2157.24 -6819.68
867 -1343.01 -1600.53 -7076.29
868 -861.25 -1026.4 -7255.66
869 -370.118 -441.09 -7355.86
870 125.042 149.019 -7375.8
871 618.841 737.506 -7315.27
872 1105.9 1317.97 -7174.92
873 1580.93 1884.08 -6956.27
874 2038.73 2429.67 -6661.68
875 2474.32 2948.78 -6294.32
876 2882.93 3435.75 -5858.17
877 3260.09 3885.23 -5357.95
878 3601.66 4292.29 -4799.1
879 3903.88 4652.46 -4187.68
880 4163.41 4961.76 -3530.38
881 4377.39 5216.78 -2834.35
882 4543.45 5414.67 -2107.21
883 4659.72 5553.24 -1356.93
884 4724.92 5630.94 -591.748
885 4738.3 5646.89 179.943
886 4699.71 5600.89 949.655
887 4609.54 5493.44 1708.92
888 4468.79 5325.69 2449.39
889 4278.99 5099.5 3162.91
890 4042.24 4817.35 3841.63
891 3761.13 4482.34 4478.1
892 3438.76 4098.16 5065.33
893 3078.68 3669.03 5596.87
894 2684.84 3199.67 6066.9
895 2261.58 2695.24 6470.26
896 1813.53 2161.28 6802.56
897 1345.62 1603.65 7060.15
898 862.968 1028.45 7240.23
899 370.867 441.982 7340.82
900 -114.574 -157.698 7360.85
901 -567.026 -780.444 7300.07
902 -1013.27 -1394.64 7159.17
903 -1448.41 -1993.57 6939.67
904 -1867.7 -2570.66 6643.97
905 -2266.51 -3119.59 6275.3
906 -2640.49 -3634.32 5837.69
907 -2985.52 -4109.22 5335.93
908 -3297.82 -4539.05 4775.52
909 -3573.94 -4919.1 4162.59
910 -3810.85 -5245.18 3503.89
911 -4005.94 -5513.7 2806.65
912 -4157.07 -5721.71 2078.52
913 -4262.57 -5866.93 1327.54
914 -4321.3 -5947.76 561.945
915 -4332.62 -5963.34 -209.828
916 -4296.42 -5913.51 -979.294
917 -4213.11 -5798.85 -1738
918 -4083.63 -5620.63 -2477.61
919 -3909.42 -5380.86 -3190.02
920 -3692.43 -5082.19 -3867.43
921 -3435.05 -4727.93 -4502.44
922 -3140.12 -4322.01 -5088.12
923 -2810.9 -3868.87 -5618.1
924 -2451 -3373.52 -6086.62
925 -2064.38 -2841.37 -6488.6
926 -1655.25 -2278.25 -6819.68
927 -1228.09 -1690.32 -7076.29
928 -787.555 -1083.98 -7255.66
929 -338.448 -465.834 -7355.86
930 114.342 157.379 -7375.8
931 565.888 778.878 -7315.27
932 1011.27 1391.9 -7174.92
933 1445.65 1989.77 -6956.27
934 1864.28 2565.96 -6661.68
935 2262.6 3114.2 -6294.32
936 2636.25 3628.48 -5858.17
937 2981.13 4103.18 -5357.95
938 3293.47 4533.08 -4799.1
939 3569.83 4913.45 -4187.68
940 3807.16 5240.1 -3530.38
941 4002.83 5509.42 -2834.35
942 4154.67 5718.41 -2107.21
943 4261 5864.76 -1356.93
944 4320.62 5946.82 -591.748
945 4332.86 5963.66 179.943
946 4297.56 5915.08 949.655
947 4215.11 5801.6 1708.92
948 4086.4 5624.45 2449.39
949 3912.84 5385.57 3162.91
950 3696.35 5087.59 3841.63
951 3439.29 4733.78 4478.1
952 3144.51 4328.05 5065.33
953 2815.24 3874.85 5596.87
954 2455.11 3379.16 6066.9
955 2068.06 2846.44 6470.26
956 1658.35 2282.52 6802.56
957 1230.48 1693.61 7060.15
958 789.125 1086.14 7240.23
959 339.132 466.776 7340.82
960 -106.164 -163.478 7360.85
961 -525.404 -809.051 7300.07
962 -938.89 -1445.76 7159.17
963 -1342.09 -2066.64 6939.67
964 -1730.6 -2664.89 6643.97
965 -2100.14 -3233.93 6275.3
966 -2446.67 -3767.54 5837.69
967 -2766.37 -4259.84 5335.93
968 -3055.74 -4705.43 4775.52
969 -3311.59 -5099.41 4162.59
970 -3531.11 -5437.44 3503.89
971 -3711.88 -5715.8 2806.65
972 -3851.92 -5931.43 2078.52
973 -3949.68 -6081.98 1327.54
974 -4004.1 -6165.77 561.945
975 -4014.59 -6181.92 -209.828
976 -3981.04 -6130.27 -979.294
977 -3903.85 -6011.4 -1738
978 -3783.87 -5826.65 -2477.61
979 -3622.45 -5578.09 -3190.02
980 -3421.39 -5268.47 -3867.43
981 -3182.9 -4901.23 -4502.44
982 -2909.62 -4480.42 -5088.12
983 -2604.57 -4010.68 -5618.1
984 -2271.09 -3497.17 -6086.62
985 -1912.84 -2945.52 -6488.6
986 -1533.75 -2361.76 -6819.68
987 -1137.94 -1752.27 -7076.29
988 -729.744 -1123.71 -7255.66
989 -313.604 -482.908 -7355.86
990 105.949 163.147 -7375.8
991 524.349 807.427 -7315.27
992 937.042 1442.92 -7174.92
993 1339.53 2062.7 -6956.27
994 1727.43 2660.02 -6661.68
995 2096.51 3228.35 -6294.32
996 2442.73 3761.48 -5858.17
997 2762.3 4253.57 -5357.95
998 3051.72 4699.23 -4799.1
999 3307.79 5093.55 -4187.68
1000 3527.69 5432.17 -3530.38
1001 3709 5711.36 -2834.35
1002 3849.7 5928.02 -2107.21
1003 3948.22 6079.73 -1356.93
1004 4003.46 6164.79 -591.748
1005 4014.8 6182.25 179.943
1006 3982.1 6131.89 949.655
1007 3905.7 6014.25 1708.92
1008 3786.44 5830.6 2449.39
1009 3625.62 5582.97 3162.91
1010 3425.02 5274.07 3841.63
1011 3186.83 4907.29 4478.1
1012 2913.69 4486.69 5065.33
1013 2608.59 4016.88 5596.87
1014 2274.89 3503.02 6066.9
1015 1916.25 2950.77 6470.26
1016 1536.62 2366.19 6802.56
1017 1140.15 1755.68 7060.15
1018 731.2 1125.95 7240.23
1019 314.238 483.885 7340.82
1020 -156.882 -283.022 7356.32
1021 -529.497 -955.237 7282.12
1022 -896.314 -1616.99 7127.99
1023 -1253.31 -2261.04 6895.6
1024 -1596.59 -2880.32 6587.49
1025 -1922.36 -3468.04 6207.03
1026 -2227.07 -4017.75 5758.38
1027 -2507.37 -4523.41 5246.44
1028 -2760.16 -4979.47 4676.84
1029 -2982.69 -5380.91 4055.8
1030 -3172.48 -5723.31 3390.16
1031 -3327.46 -6002.9 2687.22
1032 -3445.93 -6216.62 1954.73
1033 -3526.57 -6362.11 1200.73
1034 -3568.52 -6437.79 433.516
1035 -3571.32 -6442.83 -338.461
1036 -3534.95 -6377.21 -1106.72
1037 -3459.82 -6241.68 -1862.81
1038 -3346.78 -6037.76 -2598.45
1039 -3197.09 -5767.71 -3305.56
1040 -3012.41 -5434.54 -3976.4
1041 -2794.79 -5041.94 -4603.66
1042 -2546.63 -4594.23 -5180.49
1043 -2270.65 -4096.36 -5700.6
1044 -1969.9 -3553.79 -6158.36
1045 -1647.66 -2972.46 -6548.81
1046 -1307.47 -2358.74 -6867.7
1047 -953.037 -1719.32 -7111.61
1048 -588.226 -1061.19 -7277.9
1049 -217.012 -391.499 -7364.77
1050 156.565 282.45 -7371.29
1051 528.437 953.325 -7297.39
1052 894.557 1613.82 -7143.87
1053 1250.94 2256.75 -6912.37
1054 1593.69 2875.1 -6605.41
1055 1919.08 3462.11 -6226.28
1056 2223.54 4011.37 -5779.11
1057 2503.74 4516.87 -5268.72
1058 2756.6 4973.05 -4700.67
1059 2979.35 5374.88 -4081.13
1060 3169.51 5717.95 -3416.86
1061 3324.99 5998.44 -2715.11
1062 3444.06 6213.25 -1983.55
1063 3525.39 6359.98 -1230.21
1064 3568.08 6436.99 -463.356
1065 3571.64 6443.41 308.595
1066 3536.01 6379.13 1077.15
1067 3461.58 6244.86 1833.86
1068 3349.17 6042.05 2570.39
1069 3199.99 5772.94 3278.65
1070 3015.7 5440.47 3950.84
1071 2798.33 5048.31 4579.58
1072 2550.25 4600.77 5157.95
1073 2274.21 4102.78 5679.63
1074 1973.23 3559.8 6138.88
1075 1650.63 2977.81 6530.69
1076 1309.94 2363.19 6850.76
1077 954.9 1722.69 7095.61
1078 589.403 1063.31 7262.55
1079 217.451 392.292 7349.77
1080 -141.855 -290.845 7356.32
1081 -478.778 -981.64 7282.12
1082 -810.458 -1661.69 7127.99
1083 -1133.26 -2323.53 6895.6
1084 -1443.65 -2959.93 6587.49
1085 -1738.23 -3563.89 6207.03
1086 -2013.75 -4128.8 5758.38
1087 -2267.19 -4648.44 5246.44
1088 -2495.78 -5117.1 4676.84
1089 -2696.98 -5529.63 4055.8
1090 -2868.6 -5881.5 3390.16
1091 -3008.74 -6168.82 2687.22
1092 -3115.85 -6388.44 1954.73
1093 -3188.77 -6537.96 1200.73
1094 -3226.7 -6615.73 433.516
1095 -3229.23 -6620.91 -338.461
1096 -3196.35 -6553.48 -1106.72
1097 -3128.41 -6414.2 -1862.81
1098 -3026.2 -6204.64 -2598.45
1099 -2890.85 -5927.13 -3305.56
1100 -2723.86 -5584.75 -3976.4
1101 -2527.09 -5181.29 -4603.66
1102 -2302.69 -4721.22 -5180.49
1103 -2053.15 -4209.58 -5700.6
1104 -1781.21 -3652.02 -6158.36
1105 -1489.84 -3054.62 -6548.81
1106 -1182.23 -2423.94 -6867.7
1107 -861.748 -1766.85 -7111.61
1108 -531.881 -1090.52 -7277.9
1109 -196.225 -402.32 -7364.77
1110 141.568 290.257 -7371.29
1111 477.819 979.675 -7297.39
1112 808.87 1658.43 -7143.87
1113 1131.11 2319.13 -6912.37
1114 1441.04 2954.56 -6605.41
1115 1735.26 3557.8 -6226.28
1116 2010.55 4122.25 -5779.11
1117 2263.92 4641.72 -5268.72
1118 2492.56 5110.5 -4700.67
1119 2693.96 5523.44 -4081.13
1120 2865.91 5875.99 -3416.86
1121 3006.5 6164.23 -2715.11
1122 3114.16 6384.98 -1983.55
1123 3187.71 6535.77 -1230.21
1124 3226.31 6614.91 -463.356
1125 3229.52 6621.5 308.595
1126 3197.31 6555.45 1077.15
1127 3130.01 6417.47 1833.86
1128 3028.36 6209.06 2570.39
1129 2893.47 5932.5 3278.65
1130 2726.84 5590.85 3950.84
1131 2530.28 5187.85 4579.58
1132 2305.97 4727.94 5157.95
1133 2056.37 4216.18 5679.63
1134 1784.22 3658.2 6138.88
1135 1492.52 3060.12 6530.69
1136 1184.46 2428.51 6850.76
1137 863.433 1770.3 7095.61
1138 532.946 1092.7 7262.55
1139 196.622 403.135 7349.77
1140 -121.221 -300.032 7356.32
1141 -409.136 -1012.65 7282.12
1142 -692.571 -1714.17 7127.99
1143 -968.421 -2396.93 6895.6
1144 -1233.66 -3053.42 6587.49
1145 -1485.39 -3676.46 6207.03
1146 -1720.83 -4259.21 5758.38
1147 -1937.41 -4795.26 5246.44
1148 -2132.75 -5278.73 4676.84
1149 -2304.69 -5704.3 4055.8
1150 -2451.34 -6067.27 3390.16
1151 -2571.09 -6363.67 2687.22
1152 -2662.63 -6590.23 1954.73
1153 -2724.94 -6744.47 1200.73
1154 -2757.36 -6824.69 433.516
1155 -2759.52 -6830.04 -338.461
1156 -2731.41 -6760.48 -1106.72
1157 -2673.36 -6616.8 -1862.81
1158 -2586.02 -6400.62 -2598.45
1159 -2470.35 -6114.34 -3305.56
1160 -2327.66 -5761.15 -3976.4
1161 -2159.5 -5344.95 -4603.66
1162 -1967.75 -4870.34 -5180.49
1163 -1754.5 -4342.55 -5700.6
1164 -1522.12 -3767.37 -6158.36
1165 -1273.13 -3151.11 -6548.81
1166 -1010.27 -2500.5 -6867.7
1167 -736.4 -1822.65 -7111.61
1168 -454.515 -1124.96 -7277.9
1169 -167.682 -415.028 -7364.77
1170 120.976 299.425 -7371.29
1171 408.317 1010.62 -7297.39
1172 691.213 1710.81 -7143.87
1173 966.584 2392.38 -6912.37
1174 1231.43 3047.89 -6605.41
1175 1482.85 3670.18 -6226.28
1176 1718.1 4252.46 -5779.11
1177 1934.61 4788.33 -5268.72
1178 2130 5271.92 -4700.67
1179 2302.11 5697.91 -4081.13
1180 2449.04 6061.59 -3416.86
1181 2569.18 6358.94 -2715.11
1182 2661.18 6586.66 -1983.55
1183 2724.03 6742.21 -1230.21
1184 2757.01 6823.85 -463.356
1185 2759.76 6830.65 308.595
1186 2732.23 6762.52 1077.15
1187 2674.72 6620.17 1833.86
1188 2587.86 6405.18 2570.39
1189 2472.6 6119.89 3278.65
1190 2330.2 5767.44 3950.84
1191 2162.23 5351.71 4579.58
1192 1970.55 4877.28 5157.95
1193 1757.25 4349.35 5679.63
1194 1524.69 3773.75 6138.88
1195 1275.42 3156.78 6530.69
1196 1012.17 2505.22 6850.76
1197 737.84 1826.22 7095.61
1198 455.424 1127.22 7262.55
1199 168.022 415.869 7349.77
1200 -99.9962 -307.757 7356.32
1201 -337.501 -1038.72 7282.12
1202 -571.309 -1758.31 7127.99
1203 -798.861 -2458.64 6895.6
1204 -1017.66 -3132.04 6587.49
1205 -1225.31 -3771.12 6207.03
1206 -1419.53 -4368.87 5758.38
1207 -1598.19 -4918.73 5246.44
1208 -1759.33 -5414.65 4676.84
1209 -1901.16 -5851.17 4055.8
1210 -2022.13 -6223.49 3390.16
1211 -2120.92 -6527.52 2687.22
1212 -2196.43 -6759.92 1954.73
1213 -2247.83 -6918.12 1200.73
1214 -2274.57 -7000.41 433.516
1215 -2276.35 -7005.9 -338.461
1216 -2253.17 -6934.55 -1106.72
1217 -2205.29 -6787.17 -1862.81
1218 -2133.23 -6565.42 -2598.45
1219 -2037.82 -6271.77 -3305.56
1220 -1920.11 -5909.49 -3976.4
1221 -1781.4 -5482.57 -4603.66
1222 -1623.22 -4995.74 -5180.49
1223 -1447.31 -4454.36 -5700.6
1224 -1255.61 -3864.37 -6158.36
1225 -1050.22 -3232.24 -6548.81
1226 -833.38 -2564.88 -6867.7
1227 -607.464 -1869.58 -7111.61
1228 -374.934 -1153.93 -7277.9
1229 -138.323 -425.714 -7364.77
1230 99.794 307.134 -7371.29
1231 336.825 1036.64 -7297.39
1232 570.189 1754.86 -7143.87
1233 797.345 2453.98 -6912.37
1234 1015.82 3126.36 -6605.41
1235 1223.22 3764.68 -6226.28
1236 1417.28 4361.95 -5779.11
1237 1595.88 4911.62 -5268.72
1238 1757.06 5407.66 -4700.67
1239 1899.03 5844.62 -4081.13
1240 2020.24 6217.66 -3416.86
1241 2119.34 6522.67 -2715.11
1242 2195.24 6756.25 -1983.55
1243 2247.08 6915.81 -1230.21
1244 2274.29 6999.55 -463.356
1245 2276.56 7006.52 308.595
1246 2253.85 6936.63 1077.15
1247 2206.41 6790.63 1833.86
1248 2134.75 6570.1 2570.39
1249 2039.67 6277.46 3278.65
1250 1922.2 5915.94 3950.84
1251 1783.65 5489.51 4579.58
1252 1625.53 5002.86 5157.95
1253 1449.58 4461.34 5679.63
1254 1257.74 3870.91 6138.88
1255 1052.11 3238.06 6530.69
1256 834.954 2569.72 6850.76
1257 608.652 1873.24 7095.61
1258 375.685 1156.24 7262.55
1259 138.603 426.576 7349.77
1260 -83.7525 -312.568 7356.32
1261 -282.676 -1054.96 7282.12
1262 -478.503 -1785.8 7127.99
1263 -669.091 -2497.08 6895.6
1264 -852.349 -3181.01 6587.49
1265 -1026.27 -3830.08 6207.03
1266 -1188.94 -4437.18 5758.38
1267 -1338.58 -4995.63 5246.44
1268 -1473.53 -5499.3 4676.84
1269 -1592.33 -5942.65 4055.8
1270 -1693.65 -6320.79 3390.16
1271 -1776.39 -6629.58 2687.22
1272 -1839.63 -6865.6 1954.73
1273 -1882.69 -7026.28 1200.73
1274 -1905.08 -7109.86 433.516
1275 -1906.57 -7115.43 -338.461
1276 -1887.16 -7042.97 -1106.72
1277 -1847.05 -6893.28 -1862.81
1278 -1786.7 -6668.07 -2598.45
1279 -1706.79 -6369.83 -3305.56
1280 -1608.2 -6001.88 -3976.4
1281 -1492.02 -5568.29 -4603.66
1282 -1359.53 -5073.85 -5180.49
1283 -1212.2 -4524 -5700.6
1284 -1051.64 -3924.79 -6158.36
1285 -879.616 -3282.77 -6548.81
1286 -698.003 -2604.98 -6867.7
1287 -508.786 -1898.81 -7111.61
1288 -314.029 -1171.97 -7277.9
1289 -115.853 -432.37 -7364.77
1290 83.5831 311.936 -7371.29
1291 282.11 1052.85 -7297.39
1292 477.565 1782.3 -7143.87
1293 667.822 2492.34 -6912.37
1294 850.804 3175.24 -6605.41
1295 1024.51 3823.54 -6226.28
1296 1187.05 4430.14 -5779.11
1297 1336.64 4988.41 -5268.72
1298 1471.63 5492.21 -4700.67
1299 1590.55 5935.99 -4081.13
1300 1692.06 6314.87 -3416.86
1301 1775.07 6624.65 -2715.11
1302 1838.64 6861.88 -1983.55
1303 1882.06 7023.93 -1230.21
1304 1904.85 7108.98 -463.356
1305 1906.74 7116.07 308.595
1306 1887.72 7045.08 1077.15
1307 1847.99 6896.79 1833.86
1308 1787.98 6672.82 2570.39
1309 1708.34 6375.61 3278.65
1310 1609.95 6008.43 3950.84
1311 1493.91 5575.33 4579.58
1312 1361.47 5081.07 5157.95
1313 1214.1 4531.09 5679.63
1314 1053.42 3931.43 6138.88
1315 881.2 3288.68 6530.69
1316 699.32 2609.9 6850.76
1317 509.78 1902.53 7095.61
1318 314.657 1174.32 7262.55
1319 116.088 433.245 7349.77
1320 -61.7448 -317.649 7356.32
1321 -208.397 -1072.11 7282.12
1322 -352.767 -1814.83 7127.99
1323 -493.273 -2537.67 6895.6
1324 -628.376 -3232.72 6587.49
1325 -756.595 -3892.34 6207.03
1326 -876.521 -4509.31 5758.38
1327 -986.837 -5076.84 5246.44
1328 -1086.33 -5588.69 4676.84
1329 -1173.91 -6039.25 4055.8
1330 -1248.61 -6423.54 3390.16
1331 -1309.61 -6737.34 2687.22
1332 -1356.23 -6977.21 1954.73
1333 -1387.97 -7140.5 1200.73
1334 -1404.48 -7225.43 433.516
1335 -1405.58 -7231.1 -338.461
1336 -1391.27 -7157.45 -1106.72
1337 -1361.7 -7005.34 -1862.81
1338 -1317.21 -6776.46 -2598.45
1339 -1258.3 -6473.37 -3305.56
1340 -1185.61 -6099.44 -3976.4
1341 -1099.96 -5658.8 -4603.66
1342 -1002.29 -5156.33 -5180.49
1343 -893.671 -4597.54 -5700.6
1344 -775.303 -3988.59 -6158.36
1345 -648.479 -3336.14 -6548.81
1346 -514.588 -2647.33 -6867.7
1347 -375.092 -1929.68 -7111.61
1348 -231.511 -1191.02 -7277.9
1349 -85.4104 -439.398 -7364.77
1350 61.6199 317.007 -7371.29
1351 207.98 1069.96 -7297.39
1352 352.075 1811.27 -7143.87
1353 492.338 2532.86 -6912.37
1354 627.237 3226.86 -6605.41
1355 755.302 3885.69 -6226.28
1356 875.13 4502.16 -5779.11
1357 985.41 5069.5 -5268.72
1358 1084.93 5581.49 -4700.67
1359 1172.6 6032.49 -4081.13
1360 1247.44 6417.52 -3416.86
1361 1308.63 6732.33 -2715.11
1362 1355.5 6973.42 -1983.55
1363 1387.51 7138.11 -1230.21
1364 1404.31 7224.54 -463.356
1365 1405.71 7231.74 308.595
1366 1391.69 7159.6 1077.15
1367 1362.39 7008.9 1833.86
1368 1318.15 6781.28 2570.39
1369 1259.44 6479.24 3278.65
1370 1186.91 6106.1 3950.84
1371 1101.35 5665.96 4579.58
1372 1003.72 5163.67 5157.95
1373 895.072 4604.74 5679.63
1374 776.615 3995.34 6138.88
1375 649.646 3342.14 6530.69
1376 515.56 2652.32 6850.76
1377 375.825 1933.45 7095.61
1378 231.974 1193.4 7262.55
1379 85.5833 440.288 7349.77
1380 -45.0357 -320.445 7356.32
1381 -152.001 -1081.55 7282.12
1382 -257.303 -1830.8 7127.99
1383 -359.786 -2560.01 6895.6
1384 -458.328 -3261.17 6587.49
1385 -551.848 -3926.6 6207.03
1386 -639.32 -4549 5758.38
1387 -719.784 -5121.53 5246.44
1388 -792.354 -5637.89 4676.84
1389 -856.232 -6092.41 4055.8
1390 -910.716 -6480.08 3390.16
1391 -955.207 -6796.65 2687.22
1392 -989.214 -7038.62 1954.73
1393 -1012.37 -7203.35 1200.73
1394 -1024.41 -7289.04 433.516
1395 -1025.21 -7294.75 -338.461
1396 -1014.77 -7220.45 -1106.72
1397 -993.202 -7067 -1862.81
1398 -960.753 -6836.11 -2598.45
1399 -917.781 -6530.35 -3305.56
1400 -864.766 -6153.13 -3976.4
1401 -802.294 -5708.62 -4603.66
1402 -731.053 -5201.71 -5180.49
1403 -651.83 -4638.01 -5700.6
1404 -565.494 -4023.7 -6158.36
1405 -472.99 -3365.5 -6548.81
1406 -375.332 -2670.63 -6867.7
1407 -273.586 -1946.67 -7111.61
1408 -168.861 -1201.51 -7277.9
1409 -62.297 -443.266 -7364.77
1410 44.9446 319.797 -7371.29
1411 151.697 1079.38 -7297.39
1412 256.798 1827.21 -7143.87
1413 359.103 2555.15 -6912.37
1414 457.497 3255.26 -6605.41
1415 550.905 3919.9 -6226.28
1416 638.306 4541.79 -5779.11
1417 718.743 5114.12 -5268.72
1418 791.332 5630.62 -4700.67
1419 855.274 6085.59 -4081.13
1420 909.863 6474.01 -3416.86
1421 954.496 6791.59 -2715.11
1422 988.677 7034.81 -1983.55
1423 1012.03 7200.94 -1230.21
1424 1024.28 7288.13 -463.356
1425 1025.3 7295.4 308.595
1426 1015.07 7222.63 1077.15
1427 993.708 7070.6 1833.86
1428 961.437 6840.98 2570.39
1429 918.614 6536.28 3278.65
1430 865.71 6159.85 3950.84
1431 803.308 5715.84 4579.58
1432 732.094 5209.12 5157.95
1433 652.851 4645.28 5679.63
1434 566.451 4030.51 6138.88
1435 473.842 3371.56 6530.69
1436 376.041 2675.67 6850.76
1437 274.121 1950.47 7095.61
1438 169.198 1203.91 7262.55
1439 62.4231 444.164 7349.77
1440 -22.5728 -322.806 7356.32
1441 -76.1863 -1089.51 7282.12
1442 -128.965 -1844.29 7127.99
1443 -180.332 -2578.87 6895.6
1444 -229.724 -3285.2 6587.49
1445 -276.598 -3955.53 6207.03
1446 -320.441 -4582.52 5758.38
1447 -360.771 -5159.26 5246.44
1448 -397.144 -5679.43 4676.84
1449 -429.161 -6137.3 4055.8
1450 -456.47 -6527.83 3390.16
1451 -478.77 -6846.72 2687.22
1452 -495.815 -7090.48 1954.73
1453 -507.419 -7256.42 1200.73
1454 -513.454 -7342.74 433.516
1455 -513.857 -7348.49 -338.461
1456 -508.623 -7273.65 -1106.72
1457 -497.814 -7119.07 -1862.81
1458 -481.549 -6886.48 -2598.45
1459 -460.011 -6578.47 -3305.56
1460 -433.439 -6198.46 -3976.4
1461 -402.126 -5750.67 -4603.66
1462 -366.419 -5240.04 -5180.49
1463 -326.711 -4672.18 -5700.6
1464 -283.437 -4053.34 -6158.36
1465 -237.073 -3390.3 -6548.81
1466 -188.124 -2690.31 -6867.7
1467 -137.127 -1961.01 -7111.61
1468 -84.6364 -1210.36 -7277.9
1469 -31.2246 -446.532 -7364.77
1470 22.5272 322.154 -7371.29
1471 76.0337 1087.33 -7297.39
1472 128.713 1840.68 -7143.87
1473 179.99 2573.98 -6912.37
1474 229.307 3279.25 -6605.41
1475 276.125 3948.78 -6226.28
1476 319.933 4575.25 -5779.11
1477 360.249 5151.8 -5268.72
1478 396.632 5672.1 -4700.67
1479 428.681 6130.42 -4081.13
1480 456.042 6521.71 -3416.86
1481 478.413 6841.63 -2715.11
1482 495.546 7086.64 -1983.55
1483 507.249 7253.99 -1230.21
1484 513.391 7341.83 -463.356
1485 513.903 7349.15 308.595
1486 508.776 7275.84 1077.15
1487 498.067 7122.69 1833.86
1488 481.892 6891.38 2570.39
1489 460.429 6584.43 3278.65
1490 433.912 6205.23 3950.84
1491 402.635 5757.95 4579.58
1492 366.941 5247.5 5157.95
1493 327.223 4679.5 5679.63
1494 283.917 4060.2 6138.88
1495 237.5 3396.4 6530.69
1496 188.48 2695.38 6850.76
1497 137.395 1964.84 7095.61
1498 84.8058 1212.78 7262.55
1499 31.2878 447.436 7349.77
1500 -4.77717e-13 -452.166 7349.55
1501 -5.19329e-13 -1219.33 7261.95
1502 -5.55242e-13 -1973.15 7094.63
1503 -5.85062e-13 -2705.36 6849.43
1504 -6.08462e-13 -3407.93 6529
1505 -6.25184e-13 -4073.16 6136.87
1506 -6.35044e-13 -4693.74 5677.31
1507 -6.37932e-13 -5262.87 5155.35
1508 -6.33816e-13 -5774.28 4576.72
1509 -6.2274e-13 -6222.34 3947.77
1510 -6.04824e-13 -6602.14 3275.39
1511 -5.80266e-13 -6909.48 2566.98
1512 -5.49335e-13 -7141 1830.33
1513 -5.12373e-13 -7294.14 1073.55
1514 -4.69787e-13 -7367.25 304.955
1515 -4.22046e-13 -7359.53 -466.992
1516 -3.69678e-13 -7271.1 -1233.81
1517 -3.13259e-13 -7102.96 -1987.06
1518 -2.5341e-13 -6857 -2718.49
1519 -1.90792e-13 -6535.95 -3420.09
1520 -1.26091e-13 -6143.38 -4084.17
1521 -6.00173e-14 -5683.63 -4703.48
1522 6.70417e-15 -5161.78 -5271.27
1523 7.3344e-14 -4583.57 -5781.37
1524 1.39174e-13 -3955.35 -6228.24
1525 2.03477e-13 -3284 -6607.03
1526 2.65552e-13 -2576.86 -6913.64
1527 3.24723e-13 -1841.65 -7144.78
1528 3.80347e-13 -1086.39 -7297.93
1529 4.31819e-13 -319.307 -7371.45
1530 4.7858e-13 451.252 -7364.55
1531 5.2012e-13 1216.9 -7277.3
1532 5.55986e-13 1969.3 -7110.64
1533 5.85787e-13 2700.26 -6866.37
1534 6.09196e-13 3401.8 -6547.13
1535 6.25956e-13 4066.27 -6156.36
1536 6.35879e-13 4686.4 -5698.29
1537 6.38854e-13 5255.39 -5177.89
1538 6.34845e-13 5766.99 -4600.81
1539 6.2389e-13 6215.56 -3973.34
1540 6.06106e-13 6596.16 -3302.3
1541 5.81683e-13 6904.57 -2595.04
1542 5.50886e-13 7137.37 -1859.29
1543 5.1405e-13 7291.96 -1103.12
1544 4.71576e-13 7366.6 -334.822
1545 4.2393e-13 7360.45 437.153
1546 3.71633e-13 7273.55 1204.32
1547 3.1526e-13 7106.82 1958.24
1548 2.5543e-13 6862.11 2690.62
1549 1.92802e-13 6542.09 3393.39
1550 1.28063e-13 6150.27 4058.84
1551 6.19262e-14 5690.98 4679.65
1552 -4.88257e-15 5169.26 5249
1553 -7.16292e-14 4590.86 5760.65
1554 -1.37581e-13 3962.12 6208.99
1555 -2.02015e-13 3289.96 6589.12
1556 -2.64225e-13 2581.75 6896.88
1557 -3.23529e-13 1845.27 7128.9
1558 -3.79279e-13 1088.57 7282.66
1559 -4.30863e-13 319.954 7356.48
1560 23.6645 -451.546 7349.55
1561 63.815 -1217.66 7261.95
1562 103.267 -1970.45 7094.63
1563 141.587 -2701.65 6849.43
1564 178.357 -3403.26 6529
1565 213.173 -4067.57 6136.87
1566 245.651 -4687.31 5677.31
1567 275.437 -5255.65 5155.35
1568 302.202 -5766.36 4576.72
1569 325.652 -6213.82 3947.77
1570 345.529 -6593.09 3275.39
1571 361.614 -6900.01 2566.98
1572 373.731 -7131.21 1830.33
1573 381.746 -7284.15 1073.55
1574 385.572 -7357.15 304.955
1575 385.168 -7349.45 -466.992
1576 380.54 -7261.14 -1233.81
1577 371.74 -7093.23 -1987.06
1578 358.868 -6847.6 -2718.49
1579 342.065 -6526.99 -3420.09
1580 321.52 -6134.96 -4084.17
1581 297.458 -5675.84 -4703.48
1582 270.147 -5154.71 -5271.27
1583 239.886 -4577.29 -5781.37
1584 207.007 -3949.93 -6228.24
1585 171.871 -3279.5 -6607.03
1586 134.862 -2573.33 -6913.64
1587 96.3845 -1839.13 -7144.78
1588 56.8573 -1084.9 -7297.93
1589 16.7113 -318.87 -7371.45
1590 -23.6167 450.634 -7364.55
1591 -63.6876 1215.23 -7277.3
1592 -103.065 1966.6 -7110.64
1593 -141.321 2696.56 -6866.37
1594 -178.037 3397.14 -6547.13
1595 -212.812 4060.7 -6156.36
1596 -245.267 4679.98 -5698.29
1597 -275.046 5248.19 -5177.89
1598 -301.821 5759.08 -4600.81
1599 -325.297 6207.04 -3973.34
1600 -345.216 6587.12 -3302.3
1601 -361.357 6895.11 -2595.04
1602 -373.541 7127.59 -1859.29
1603 -381.632 7281.96 -1103.12
1604 -385.538 7356.51 -334.822
1605 -385.216 7350.36 437.153
1606 -380.668 7263.58 1204.32
1607 -371.942 7097.08 1958.24
1608 -359.135 6852.7 2690.62
1609 -342.386 6533.12 3393.39
1610 -321.88 6141.84 4058.84
1611 -297.843 5683.18 4679.65
1612 -270.538 5162.18 5249
1613 -240.267 4584.56 5760.65
1614 -207.361 3956.69 6208.99
1615 -172.183 3285.45 6589.12
1616 -135.119 2578.22 6896.88
1617 -96.5738 1842.74 7128.9
1618 -56.9714 1087.08 7282.66
1619 -16.7451 319.516 7356.48
1620 55.1051 -448.795 7349.55
1621 148.599 -1210.25 7261.95
1622 240.467 -1958.44 7094.63
1623 329.7 -2685.19 6849.43
1624 415.322 -3382.52 6529
1625 496.393 -4042.8 6136.87
1626 572.023 -4658.76 5677.31
1627 641.382 -5223.64 5155.35
1628 703.707 -5731.24 4576.72
1629 758.313 -6175.96 3947.77
1630 804.598 -6552.93 3275.39
1631 842.054 -6857.98 2566.98
1632 870.269 -7087.77 1830.33
1633 888.933 -7239.77 1073.55
1634 897.842 -7312.34 304.955
1635 896.901 -7304.68 -466.992
1636 886.125 -7216.9 -1233.81
1637 865.633 -7050.02 -1987.06
1638 835.658 -6805.89 -2718.49
1639 796.532 -6487.23 -3420.09
1640 748.69 -6097.59 -4084.17
1641 692.661 -5641.27 -4703.48
1642 629.063 -5123.31 -5271.27
1643 558.597 -4549.41 -5781.37
1644 482.036 -3925.87 -6228.24
1645 400.218 -3259.52 -6607.03
1646 314.04 -2557.65 -6913.64
1647 224.441 -1827.92 -7144.78
1648 132.398 -1078.29 -7297.93
1649 38.9138 -316.927 -7371.45
1650 -54.9938 447.888 -7364.55
1651 -148.303 1207.83 -7277.3
1652 -239.997 1954.62 -7110.64
1653 -329.079 2680.13 -6866.37
1654 -414.576 3376.45 -6547.13
1655 -495.554 4035.97 -6156.36
1656 -571.129 4651.47 -5698.29
1657 -640.471 5216.22 -5177.89
1658 -702.819 5724 -4600.81
1659 -757.486 6169.23 -3973.34
1660 -803.87 6546.99 -3302.3
1661 -841.456 6853.11 -2595.04
1662 -869.826 7084.17 -1859.29
1663 -888.666 7237.6 -1103.12
1664 -897.763 7311.69 -334.822
1665 -897.013 7305.59 437.153
1666 -886.422 7219.33 1204.32
1667 -866.104 7053.85 1958.24
1668 -836.281 6810.96 2690.62
1669 -797.28 6493.32 3393.39
1670 -749.53 6104.43 4058.84
1671 -693.556 5648.56 4679.65
1672 -629.974 5130.73 5249
1673 -559.485 4556.64 5760.65
1674 -482.861 3932.59 6208.99
1675 -400.945 3265.44 6589.12
1676 -314.637 2562.51 6896.88
1677 -224.881 1831.51 7128.9
1678 -132.663 1080.46 7282.66
1679 -38.9926 317.569 7356.48
1680 78.5177 -445.296 7349.55
1681 211.735 -1200.81 7261.95
1682 342.634 -1943.17 7094.63
1683 469.78 -2664.26 6849.43
1684 591.78 -3356.15 6529
1685 707.296 -4011.28 6136.87
1686 815.06 -4622.43 5677.31
1687 913.887 -5182.91 5155.35
1688 1002.69 -5686.55 4576.72
1689 1080.5 -6127.81 3947.77
1690 1146.45 -6501.84 3275.39
1691 1199.82 -6804.51 2566.98
1692 1240.02 -7032.51 1830.33
1693 1266.61 -7183.33 1073.55
1694 1279.31 -7255.33 304.955
1695 1277.97 -7247.73 -466.992
1696 1262.61 -7160.64 -1233.81
1697 1233.42 -6995.05 -1987.06
1698 1190.71 -6752.83 -2718.49
1699 1134.96 -6436.65 -3420.09
1700 1066.79 -6050.05 -4084.17
1701 986.953 -5597.29 -4703.48
1702 896.334 -5083.36 -5271.27
1703 795.929 -4513.94 -5781.37
1704 686.839 -3895.26 -6228.24
1705 570.26 -3234.1 -6607.03
1706 447.466 -2537.71 -6913.64
1707 319.799 -1813.67 -7144.78
1708 188.65 -1069.89 -7297.93
1709 55.4471 -314.456 -7371.45
1710 -78.3591 444.396 -7364.55
1711 -211.312 1198.41 -7277.3
1712 -341.966 1939.38 -7110.64
1713 -468.895 2659.24 -6866.37
1714 -590.717 3350.12 -6547.13
1715 -706.101 4004.5 -6156.36
1716 -813.785 4615.2 -5698.29
1717 -912.589 5175.55 -5177.89
1718 -1001.43 5679.37 -4600.81
1719 -1079.32 6121.13 -3973.34
1720 -1145.41 6495.95 -3302.3
1721 -1198.97 6799.68 -2595.04
1722 -1239.39 7028.94 -1859.29
1723 -1266.24 7181.18 -1103.12
1724 -1279.2 7254.69 -334.822
1725 -1278.13 7248.63 437.153
1726 -1263.04 7163.04 1204.32
1727 -1234.09 6998.86 1958.24
1728 -1191.59 6757.86 2690.62
1729 -1136.02 6442.7 3393.39
1730 -1067.98 6056.84 4058.84
1731 -988.228 5604.52 4679.65
1732 -897.633 5090.73 5249
1733 -797.194 4521.11 5760.65
1734 -688.015 3901.93 6208.99
1735 -571.296 3239.98 6589.12
1736 -448.317 2542.53 6896.88
1737 -320.427 1817.23 7128.9
1738 -189.028 1072.03 7282.66
1739 -55.5595 315.094 7356.48
1740 109.389 -438.734 7349.55
1741 294.984 -1183.12 7261.95
1742 477.348 -1914.54 7094.63
1743 654.485 -2625 6849.43
1744 824.452 -3306.7 6529
1745 985.386 -3952.17 6136.87
1746 1135.52 -4554.32 5677.31
1747 1273.2 -5106.54 5155.35
1748 1396.92 -5602.76 4576.72
1749 1505.32 -6037.51 3947.77
1750 1597.2 -6406.03 3275.39
1751 1671.55 -6704.24 2566.98
1752 1727.56 -6928.88 1830.33
1753 1764.61 -7077.48 1073.55
1754 1782.3 -7148.41 304.955
1755 1780.43 -7140.92 -466.992
1756 1759.04 -7055.12 -1233.81
1757 1718.36 -6891.97 -1987.06
1758 1658.86 -6653.32 -2718.49
1759 1581.19 -6341.8 -3420.09
1760 1486.22 -5960.9 -4084.17
1761 1375 -5514.81 -4703.48
1762 1248.75 -5008.46 -5271.27
1763 1108.87 -4447.42 -5781.37
1764 956.885 -3837.86 -6228.24
1765 794.471 -3186.45 -6607.03
1766 623.398 -2500.31 -6913.64
1767 445.535 -1786.95 -7144.78
1768 262.822 -1054.12 -7297.93
1769 77.2474 -309.822 -7371.45
1770 -109.168 437.848 -7364.55
1771 -294.395 1180.75 -7277.3
1772 -476.417 1910.8 -7110.64
1773 -653.252 2620.05 -6866.37
1774 -822.971 3300.76 -6547.13
1775 -983.721 3945.49 -6156.36
1776 -1133.74 4547.2 -5698.29
1777 -1271.39 5099.28 -5177.89
1778 -1395.16 5595.68 -4600.81
1779 -1503.68 6030.93 -3973.34
1780 -1595.76 6400.23 -3302.3
1781 -1670.37 6699.48 -2595.04
1782 -1726.69 6925.36 -1859.29
1783 -1764.08 7075.35 -1103.12
1784 -1782.14 7147.78 -334.822
1785 -1780.65 7141.81 437.153
1786 -1759.63 7057.49 1204.32
1787 -1719.3 6895.72 1958.24
1788 -1660.09 6658.28 2690.62
1789 -1582.67 6347.76 3393.39
1790 -1487.89 5967.58 4058.84
1791 -1376.77 5521.93 4679.65
1792 -1250.56 5015.71 5249
1793 -1110.63 4454.49 5760.65
1794 -958.524 3844.43 6208.99
1795 -795.914 3192.23 6589.12
1796 -624.583 2505.07 6896.88
1797 -446.411 1790.45 7128.9
1798 -263.349 1056.24 7282.66
1799 -77.404 310.45 7356.48
1800 139.727 -430.035 7349.55
1801 376.795 -1159.66 7261.95
1802 609.737 -1876.58 7094.63
1803 836.001 -2572.95 6849.43
1804 1053.11 -3241.13 6529
1805 1258.67 -3873.8 6136.87
1806 1450.45 -4464.01 5677.31
1807 1626.32 -5005.28 5155.35
1808 1784.35 -5491.66 4576.72
1809 1922.81 -5917.8 3947.77
1810 2040.17 -6279.01 3275.39
1811 2135.15 -6571.31 2566.98
1812 2206.69 -6791.49 1830.33
1813 2254.01 -6937.14 1073.55
1814 2276.61 -7006.67 304.955
1815 2274.22 -6999.33 -466.992
1816 2246.89 -6915.23 -1233.81
1817 2194.94 -6755.32 -1987.06
1818 2118.93 -6521.39 -2718.49
1819 2019.72 -6216.06 -3420.09
1820 1898.41 -5842.7 -4084.17
1821 1756.34 -5405.46 -4703.48
1822 1595.08 -4909.15 -5271.27
1823 1416.4 -4359.24 -5781.37
1824 1222.27 -3761.76 -6228.24
1825 1014.81 -3123.27 -6607.03
1826 796.293 -2450.74 -6913.64
1827 569.101 -1751.51 -7144.78
1828 335.713 -1033.22 -7297.93
1829 98.6714 -303.679 -7371.45
1830 -139.445 429.166 -7364.55
1831 -376.043 1157.34 -7277.3
1832 -608.548 1872.92 -7110.64
1833 -834.426 2568.1 -6866.37
1834 -1051.22 3235.31 -6547.13
1835 -1256.55 3867.26 -6156.36
1836 -1448.18 4457.03 -5698.29
1837 -1624 4998.17 -5177.89
1838 -1782.1 5484.73 -4600.81
1839 -1920.71 5911.35 -3973.34
1840 -2038.33 6273.32 -3302.3
1841 -2133.63 6566.64 -2595.04
1842 -2205.57 6788.04 -1859.29
1843 -2253.34 6935.06 -1103.12
1844 -2276.4 7006.05 -334.822
1845 -2274.5 7000.2 437.153
1846 -2247.65 6917.55 1204.32
1847 -2196.13 6758.99 1958.24
1848 -2120.51 6526.25 2690.62
1849 -2021.62 6221.89 3393.39
1850 -1900.54 5849.26 4058.84
1851 -1758.61 5412.44 4679.65
1852 -1597.39 4916.26 5249
1853 -1418.65 4366.16 5760.65
1854 -1224.36 3768.2 6208.99
1855 -1016.65 3128.94 6589.12
1856 -797.806 2455.39 6896.88
1857 -570.219 1754.95 7128.9
1858 -336.387 1035.29 7282.66
1859 -98.8713 304.295 7356.48
1860 162.042 -422.133 7349.55
1861 436.97 -1138.35 7261.95
1862 707.114 -1842.1 7094.63
1863 969.513 -2525.67 6849.43
1864 1221.29 -3181.57 6529
1865 1459.69 -3802.62 6136.87
1866 1682.09 -4381.99 5677.31
1867 1886.04 -4913.31 5155.35
1868 2069.32 -5390.75 4576.72
1869 2229.89 -5809.06 3947.77
1870 2365.99 -6163.63 3275.39
1871 2476.14 -6450.56 2566.98
1872 2559.1 -6666.7 1830.33
1873 2613.99 -6809.67 1073.55
1874 2640.19 -6877.92 304.955
1875 2637.42 -6870.72 -466.992
1876 2605.73 -6788.16 -1233.81
1877 2545.47 -6631.19 -1987.06
1878 2457.33 -6401.56 -2718.49
1879 2342.28 -6101.84 -3420.09
1880 2201.59 -5735.34 -4084.17
1881 2036.83 -5306.13 -4703.48
1882 1849.82 -4818.94 -5271.27
1883 1642.61 -4279.13 -5781.37
1884 1417.47 -3692.64 -6228.24
1885 1176.88 -3065.87 -6607.03
1886 923.463 -2405.7 -6913.64
1887 659.988 -1719.33 -7144.78
1888 389.328 -1014.23 -7297.93
1889 114.429 -298.099 -7371.45
1890 -161.714 421.28 -7364.55
1891 -436.098 1136.07 -7277.3
1892 -705.734 1838.5 -7110.64
1893 -967.687 2520.91 -6866.37
1894 -1219.1 3175.86 -6547.13
1895 -1457.22 3796.19 -6156.36
1896 -1679.46 4375.13 -5698.29
1897 -1883.36 4906.33 -5177.89
1898 -2066.7 5383.95 -4600.81
1899 -2227.46 5802.73 -3973.34
1900 -2363.85 6158.05 -3302.3
1901 -2474.38 6445.97 -2595.04
1902 -2557.8 6663.31 -1859.29
1903 -2613.2 6807.63 -1103.12
1904 -2639.95 6877.31 -334.822
1905 -2637.75 6871.57 437.153
1906 -2606.61 6790.44 1204.32
1907 -2546.86 6634.79 1958.24
1908 -2459.16 6406.33 2690.62
1909 -2344.47 6107.56 3393.39
1910 -2204.06 5741.77 4058.84
1911 -2039.46 5312.99 4679.65
1912 -1852.5 4825.92 5249
1913 -1645.22 4285.93 5760.65
1914 -1419.9 3698.96 6208.99
1915 -1179.02 3071.44 6589.12
1916 -925.218 2410.28 6896.88
1917 -661.285 1722.71 7128.9
1918 -390.109 1016.27 7282.66
1919 -114.661 298.703 7356.48
1920 191.093 -409.801 7349.55
1921 515.313 -1105.09 7261.95
1922 833.89 -1788.28 7094.63
1923 1143.33 -2451.89 6849.43
1924 1440.25 -3088.63 6529
1925 1721.39 -3691.53 6136.87
1926 1983.66 -4253.97 5677.31
1927 2224.18 -4769.78 5155.35
1928 2440.31 -5233.27 4576.72
1929 2629.68 -5639.36 3947.77
1930 2790.18 -5983.57 3275.39
1931 2920.07 -6262.12 2566.98
1932 3017.92 -6471.94 1830.33
1933 3082.64 -6610.74 1073.55
1934 3113.53 -6677 304.955
1935 3110.27 -6670 -466.992
1936 3072.9 -6589.86 -1233.81
1937 3001.84 -6437.47 -1987.06
1938 2897.89 -6214.55 -2718.49
1939 2762.21 -5923.58 -3420.09
1940 2596.3 -5567.79 -4084.17
1941 2402.01 -5151.12 -4703.48
1942 2181.46 -4678.16 -5271.27
1943 1937.1 -4154.13 -5781.37
1944 1671.6 -3584.76 -6228.24
1945 1387.88 -2976.31 -6607.03
1946 1089.03 -2335.43 -6913.64
1947 778.315 -1669.1 -7144.78
1948 459.129 -984.605 -7297.93
1949 134.945 -289.391 -7371.45
1950 -190.707 408.973 -7364.55
1951 -514.284 1102.89 -7277.3
1952 -832.263 1784.79 -7110.64
1953 -1141.18 2447.27 -6866.37
1954 -1437.66 3083.08 -6547.13
1955 -1718.48 3685.3 -6156.36
1956 -1980.56 4247.32 -5698.29
1957 -2221.02 4763 -5177.89
1958 -2437.23 5226.66 -4600.81
1959 -2626.81 5633.21 -3973.34
1960 -2787.66 5978.15 -3302.3
1961 -2918 6257.67 -2595.04
1962 -3016.38 6468.65 -1859.29
1963 -3081.71 6608.76 -1103.12
1964 -3113.26 6676.41 -334.822
1965 -3110.66 6670.83 437.153
1966 -3073.93 6592.07 1204.32
1967 -3003.47 6440.97 1958.24
1968 -2900.05 6219.18 2690.62
1969 -2764.8 5929.14 3393.39
1970 -2599.22 5574.04 4058.84
1971 -2405.11 5157.78 4679.65
1972 -2184.62 4684.94 5249
1973 -1940.18 4160.73 5760.65
1974 -1674.46 3590.9 6208.99
1975 -1390.4 2981.72 6589.12
1976 -1091.1 2339.86 6896.88
1977 -779.844 1672.38 7128.9
1978 -460.05 986.58 7282.66
1979 -135.219 289.977 7356.48
1980 212.279 -399.239 7349.55
1981 572.443 -1076.61 7261.95
1982 926.338 -1742.19 7094.63
1983 1270.09 -2388.69 6849.43
1984 1599.92 -3009.02 6529
1985 1912.23 -3596.38 6136.87
1986 2203.58 -4144.33 5677.31
1987 2470.77 -4646.84 5155.35
1988 2710.86 -5098.38 4576.72
1989 2921.21 -5494 3947.77
1990 3099.52 -5829.34 3275.39
1991 3243.81 -6100.71 2566.98
1992 3352.5 -6305.13 1830.33
1993 3424.39 -6440.35 1073.55
1994 3458.71 -6504.9 304.955
1995 3455.09 -6498.08 -466.992
1996 3413.58 -6420 -1233.81
1997 3334.64 -6271.54 -1987.06
1998 3219.17 -6054.37 -2718.49
1999 3068.44 -5770.9 -3420.09
2000 2884.14 -5424.28 -4084.17
2001 2668.3 -5018.35 -4703.48
2002 2423.31 -4557.58 -5271.27
2003 2151.86 -4047.05 -5781.37
2004 1856.92 -3492.37 -6228.24
2005 1541.74 -2899.6 -6607.03
2006 1209.76 -2275.23 -6913.64
2007 864.602 -1626.08 -7144.78
2008 510.03 -959.227 -7297.93
2009 149.906 -281.932 -7371.45
2010 -211.85 398.432 -7364.55
2011 -571.3 1074.46 -7277.3
2012 -924.531 1738.79 -7110.64
2013 -1267.7 2384.19 -6866.37
2014 -1597.05 3003.62 -6547.13
2015 -1909 3590.31 -6156.36
2016 -2200.13 4137.85 -5698.29
2017 -2467.26 4640.23 -5177.89
2018 -2707.44 5091.95 -4600.81
2019 -2918.03 5488.01 -3973.34
2020 -3096.71 5824.06 -3302.3
2021 -3241.5 6096.37 -2595.04
2022 -3350.79 6301.92 -1859.29
2023 -3423.37 6438.42 -1103.12
2024 -3458.41 6504.32 -334.822
2025 -3455.52 6498.89 437.153
2026 -3414.72 6422.16 1204.32
2027 -3336.45 6274.95 1958.24
2028 -3221.57 6058.88 2690.62
2029 -3071.32 5776.32 3393.39
2030 -2887.38 5430.37 4058.84
2031 -2671.75 5024.84 4679.65
2032 -2426.82 4564.19 5249
2033 -2155.28 4053.48 5760.65
2034 -1860.1 3498.34 6208.99
2035 -1544.54 2904.86 6589.12
2036 -1212.06 2279.55 6896.88
2037 -866.3 1629.27 7128.9
2038 -511.053 961.151 7282.66
2039 -150.209 282.503 7356.48
2040 307.671 -492.376 7340.54
2041 713.337 -1141.58 7239.56
2042 1111.19 -1778.28 7059.11
2043 1496.87 -2395.5 6801.16
2044 1866.16 -2986.48 6468.52
2045 2215 -3544.74 6064.83
2046 2539.56 -4064.14 5594.5
2047 2836.27 -4538.98 5062.69
2048 3101.88 -4964.04 4475.21
2049 3333.46 -5334.65 3838.52
2050 3528.46 -5646.72 3159.62
2051 3684.75 -5896.83 2445.95
2052 3800.59 -6082.22 1705.38
2053 3874.73 -6200.86 946.042
2054 3906.35 -6251.46 176.301
2055 3895.11 -6233.48 -595.379
2056 3841.16 -6147.14 -1360.52
2057 3745.1 -5993.42 -2110.7
2058 3608.02 -5774.04 -2837.71
2059 3431.43 -5491.43 -3533.57
2060 3217.3 -5148.75 -4190.68
2061 2967.98 -4749.77 -4801.86
2062 2686.25 -4298.89 -5360.45
2063 2375.18 -3801.09 -5860.38
2064 2038.21 -3261.81 -6296.22
2065 1679.01 -2686.97 -6663.24
2066 1301.51 -2082.86 -6957.49
2067 909.843 -1456.05 -7175.77
2068 508.267 -813.398 -7315.74
2069 101.159 -161.889 -7375.89
2070 -307.05 491.382 -7355.57
2071 -711.917 1139.3 -7255
2072 -1109.03 1774.83 -7075.26
2073 -1494.07 2391.02 -6818.29
2074 -1862.84 2981.17 -6486.86
2075 -2211.3 3538.82 -6084.56
2076 -2535.64 4057.88 -5615.74
2077 -2832.31 4532.65 -5085.49
2078 -3098.05 4957.92 -4499.56
2079 -3329.93 5329 -3864.33
2080 -3525.38 5641.79 -3186.74
2081 -3682.25 5892.83 -2474.18
2082 -3798.79 6079.34 -1734.46
2083 -3873.7 6199.22 -975.683
2084 -3906.14 6251.13 -206.186
2085 -3895.73 6234.48 565.577
2086 -3842.58 6149.42 1331.12
2087 -3747.27 5996.88 2082.02
2088 -3610.83 5778.53 2810.01
2089 -3434.76 5496.76 3507.09
2090 -3221 5154.67 4165.6
2091 -2971.9 4756.04 4778.29
2092 -2690.21 4305.23 5338.44
2093 -2379.01 3807.21 5839.91
2094 -2041.73 3267.46 6277.2
2095 -1682.08 2691.89 6645.54
2096 -1304 2086.84 6940.89
2097 -911.638 1458.93 7160.02
2098 -509.289 815.033 7300.55
2099 -101.364 162.217 7360.94
2100 341.267 -469.714 7340.54
2101 791.231 -1089.04 7239.56
2102 1232.53 -1696.43 7059.11
2103 1660.33 -2285.25 6801.16
2104 2069.94 -2849.03 6468.52
2105 2456.87 -3381.59 6064.83
2106 2816.87 -3877.09 5594.5
2107 3145.99 -4330.08 5062.69
2108 3440.6 -4735.58 4475.21
2109 3697.47 -5089.13 3838.52
2110 3913.76 -5386.83 3159.62
2111 4087.11 -5625.43 2445.95
2112 4215.61 -5802.29 1705.38
2113 4297.84 -5915.47 946.042
2114 4332.91 -5963.74 176.301
2115 4320.45 -5946.59 -595.379
2116 4260.61 -5864.22 -1360.52
2117 4154.06 -5717.57 -2110.7
2118 4002.01 -5508.29 -2837.71
2119 3806.13 -5238.69 -3533.57
2120 3568.62 -4911.78 -4190.68
2121 3292.08 -4531.16 -4801.86
2122 2979.58 -4101.04 -5360.45
2123 2634.55 -3626.14 -5860.38
2124 2260.77 -3111.69 -6296.22
2125 1862.35 -2563.31 -6663.24
2126 1443.63 -1986.99 -6957.49
2127 1009.2 -1389.04 -7175.77
2128 563.769 -775.961 -7315.74
2129 112.206 -154.438 -7375.89
2130 -340.579 468.767 -7355.57
2131 -789.656 1086.87 -7255
2132 -1230.14 1693.14 -7075.26
2133 -1657.22 2280.97 -6818.29
2134 -2066.26 2843.96 -6486.86
2135 -2452.77 3375.95 -6084.56
2136 -2812.53 3871.11 -5615.74
2137 -3141.6 4324.03 -5085.49
2138 -3436.35 4729.73 -4499.56
2139 -3693.55 5083.73 -3864.33
2140 -3910.35 5382.13 -3186.74
2141 -4084.34 5621.62 -2474.18
2142 -4213.61 5799.54 -1734.46
2143 -4296.7 5913.9 -975.683
2144 -4332.68 5963.42 -206.186
2145 -4321.14 5947.54 565.577
2146 -4262.19 5866.39 1331.12
2147 -4156.46 5720.88 2082.02
2148 -4005.12 5512.57 2810.01
2149 -3809.83 5243.77 3507.09
2150 -3572.72 4917.43 4165.6
2151 -3296.43 4537.14 4778.29
2152 -2983.97 4107.08 5338.44
2153 -2638.79 3631.99 5839.91
2154 -2264.69 3117.07 6277.2
2155 -1865.76 2568 6645.54
2156 -1446.4 1990.79 6940.89
2157 -1011.19 1391.78 7160.02
2158 -564.903 777.522 7300.55
2159 -112.433 154.751 7360.94
2160 365.383 -451.21 7340.54
2161 847.143 -1046.13 7239.56
2162 1319.63 -1629.6 7059.11
2163 1777.66 -2195.22 6801.16
2164 2216.21 -2736.79 6468.52
2165 2630.48 -3248.38 6064.83
2166 3015.92 -3724.35 5594.5
2167 3368.29 -4159.5 5062.69
2168 3683.72 -4549.02 4475.21
2169 3958.74 -4888.64 3838.52
2170 4190.33 -5174.62 3159.62
2171 4375.92 -5403.82 2445.95
2172 4513.5 -5573.71 1705.38
2173 4601.54 -5682.43 946.042
2174 4639.09 -5728.8 176.301
2175 4625.75 -5712.32 -595.379
2176 4561.68 -5633.2 -1360.52
2177 4447.6 -5492.33 -2110.7
2178 4284.8 -5291.29 -2837.71
2179 4075.09 -5032.32 -3533.57
2180 3820.79 -4718.28 -4190.68
2181 3524.71 -4352.66 -4801.86
2182 3190.13 -3939.48 -5360.45
2183 2820.72 -3483.29 -5860.38
2184 2420.53 -2989.1 -6296.22
2185 1993.95 -2462.33 -6663.24
2186 1545.65 -1908.72 -6957.49
2187 1080.51 -1334.32 -7175.77
2188 603.607 -745.392 -7315.74
2189 120.134 -148.354 -7375.89
2190 -364.645 450.3 -7355.57
2191 -845.456 1044.05 -7255
2192 -1317.06 1626.44 -7075.26
2193 -1774.33 2191.11 -6818.29
2194 -2212.27 2731.92 -6486.86
2195 -2626.09 3242.95 -6084.56
2196 -3011.27 3718.61 -5615.74
2197 -3363.59 4153.69 -5085.49
2198 -3679.18 4543.4 -4499.56
2199 -3954.55 4883.46 -3864.33
2200 -4186.67 5170.1 -3186.74
2201 -4372.96 5400.16 -2474.18
2202 -4511.36 5571.07 -1734.46
2203 -4600.32 5680.92 -975.683
2204 -4638.84 5728.5 -206.186
2205 -4626.49 5713.23 565.577
2206 -4563.37 5635.29 1331.12
2207 -4450.17 5495.5 2082.02
2208 -4288.14 5295.41 2810.01
2209 -4079.04 5037.2 3507.09
2210 -3825.19 4723.71 4165.6
2211 -3529.36 4358.4 4778.29
2212 -3194.83 3945.28 5338.44
2213 -2825.26 3488.9 5839.91
2214 -2424.72 2994.28 6277.2
2215 -1997.6 2466.84 6645.54
2216 -1548.6 1912.37 6940.89
2217 -1082.64 1336.95 7160.02
2218 -604.821 746.891 7300.55
2219 -120.378 148.655 7360.94
2220 395.968 -424.623 7340.54
2221 918.054 -984.492 7239.56
2222 1430.09 -1533.58 7059.11
2223 1926.46 -2065.87 6801.16
2224 2401.72 -2575.53 6468.52
2225 2850.67 -3056.97 6064.83
2226 3268.37 -3504.9 5594.5
2227 3650.24 -3914.4 5062.69
2228 3992.07 -4280.97 4475.21
2229 4290.11 -4600.58 3838.52
2230 4541.08 -4869.71 3159.62
2231 4742.22 -5085.4 2445.95
2232 4891.31 -5245.28 1705.38
2233 4986.72 -5347.6 946.042
2234 5027.41 -5391.24 176.301
2235 5012.95 -5375.73 -595.379
2236 4943.52 -5301.27 -1360.52
2237 4819.89 -5168.7 -2110.7
2238 4643.47 -4979.51 -2837.71
2239 4416.2 -4735.79 -3533.57
2240 4140.61 -4440.26 -4190.68
2241 3819.75 -4096.18 -4801.86
2242 3457.16 -3707.35 -5360.45
2243 3056.83 -3278.04 -5860.38
2244 2623.14 -2812.98 -6296.22
2245 2160.86 -2317.24 -6663.24
2246 1675.03 -1796.25 -6957.49
2247 1170.95 -1255.69 -7175.77
2248 654.132 -701.471 -7315.74
2249 130.19 -139.612 -7375.89
2250 -395.168 423.766 -7355.57
2251 -916.226 982.532 -7255
2252 -1427.31 1530.6 -7075.26
2253 -1922.85 2062.01 -6818.29
2254 -2397.45 2570.95 -6486.86
2255 -2845.91 3051.86 -6084.56
2256 -3263.33 3499.5 -5615.74
2257 -3645.15 3908.94 -5085.49
2258 -3987.15 4275.69 -4499.56
2259 -4285.57 4595.71 -3864.33
2260 -4537.12 4865.46 -3186.74
2261 -4739 5081.96 -2474.18
2262 -4888.99 5242.8 -1734.46
2263 -4985.4 5346.18 -975.683
2264 -5027.14 5390.95 -206.186
2265 -5013.75 5376.59 565.577
2266 -4945.35 5303.24 1331.12
2267 -4822.68 5171.69 2082.02
2268 -4647.08 4983.38 2810.01
2269 -4420.48 4740.39 3507.09
2270 -4145.38 4445.37 4165.6
2271 -3824.79 4101.59 4778.29
2272 -3462.25 3712.81 5338.44
2273 -3061.75 3283.33 5839.91
2274 -2627.68 2817.84 6277.2
2275 -2164.82 2321.48 6645.54
2276 -1678.23 1799.68 6940.89
2277 -1173.26 1258.17 7160.02
2278 -655.448 702.882 7300.55
2279 -130.454 139.895 7360.94
2280 417.648 -403.318 7340.54
2281 968.32 -935.096 7239.56
2282 1508.39 -1456.63 7059.11
2283 2031.94 -1962.22 6801.16
2284 2533.22 -2446.31 6468.52
2285 3006.75 -2903.59 6064.83
2286 3447.33 -3329.04 5594.5
2287 3850.1 -3718 5062.69
2288 4210.65 -4066.18 4475.21
2289 4525.01 -4369.75 3838.52
2290 4789.72 -4625.38 3159.62
2291 5001.87 -4830.25 2445.95
2292 5159.12 -4982.1 1705.38
2293 5259.75 -5079.29 946.042
2294 5302.67 -5120.73 176.301
2295 5287.42 -5106.01 -595.379
2296 5214.19 -5035.28 -1360.52
2297 5083.8 -4909.37 -2110.7
2298 4897.71 -4729.66 -2837.71
2299 4658 -4498.18 -3533.57
2300 4367.32 -4217.47 -4190.68
2301 4028.9 -3890.66 -4801.86
2302 3646.45 -3521.34 -5360.45
2303 3224.2 -3113.57 -5860.38
2304 2766.77 -2671.84 -6296.22
2305 2279.17 -2200.97 -6663.24
2306 1766.74 -1706.12 -6957.49
2307 1235.07 -1192.69 -7175.77
2308 689.948 -666.275 -7315.74
2309 137.319 -132.607 -7375.89
2310 -416.805 402.504 -7355.57
2311 -966.392 933.234 -7255
2312 -1505.46 1453.81 -7075.26
2313 -2028.13 1958.55 -6818.29
2314 -2528.71 2441.95 -6486.86
2315 -3001.73 2898.74 -6084.56
2316 -3442.01 3323.91 -5615.74
2317 -3844.73 3712.81 -5085.49
2318 -4205.45 4061.16 -4499.56
2319 -4520.21 4365.12 -3864.33
2320 -4785.54 4621.34 -3186.74
2321 -4998.48 4826.97 -2474.18
2322 -5156.68 4979.74 -1734.46
2323 -5258.36 5077.94 -975.683
2324 -5302.4 5120.46 -206.186
2325 -5288.27 5106.82 565.577
2326 -5216.12 5037.15 1331.12
2327 -5086.73 4912.2 2082.02
2328 -4901.52 4733.34 2810.01
2329 -4662.52 4502.54 3507.09
2330 -4372.35 4222.33 4165.6
2331 -4034.21 3895.79 4778.29
2332 -3651.82 3526.52 5338.44
2333 -3229.39 3118.59 5839.91
2334 -2771.56 2676.46 6277.2
2335 -2283.35 2205 6645.54
2336 -1770.12 1709.38 6940.89
2337 -1237.5 1195.04 7160.02
2338 -691.336 667.615 7300.55
2339 -137.597 132.876 7360.94
2340 444.765 -373.202 7340.54
2341 1031.19 -865.271 7239.56
2342 1606.32 -1347.87 7059.11
2343 2163.86 -1815.7 6801.16
2344 2697.7 -2263.64 6468.52
2345 3201.97 -2686.77 6064.83
2346 3671.15 -3080.46 5594.5
2347 4100.08 -3440.37 5062.69
2348 4484.04 -3762.55 4475.21
2349 4818.81 -4043.46 3838.52
2350 5100.7 -4280 3159.62
2351 5326.62 -4469.57 2445.95
2352 5494.09 -4610.09 1705.38
2353 5601.25 -4700.01 946.042
2354 5646.96 -4738.36 176.301
2355 5630.72 -4724.74 -595.379
2356 5552.73 -4659.29 -1360.52
2357 5413.87 -4542.78 -2110.7
2358 5215.7 -4376.5 -2837.71
2359 4960.43 -4162.29 -3533.57
2360 4650.88 -3902.55 -4190.68
2361 4290.48 -3600.14 -4801.86
2362 3883.2 -3258.4 -5360.45
2363 3433.53 -2881.08 -5860.38
2364 2946.4 -2472.33 -6296.22
2365 2427.15 -2036.62 -6663.24
2366 1881.45 -1578.72 -6957.49
2367 1315.26 -1103.63 -7175.77
2368 734.744 -616.524 -7315.74
2369 146.234 -122.705 -7375.89
2370 -443.867 372.449 -7355.57
2371 -1029.14 863.549 -7255
2372 -1603.2 1345.25 -7075.26
2373 -2159.81 1812.3 -6818.29
2374 -2692.9 2259.61 -6486.86
2375 -3196.63 2682.29 -6084.56
2376 -3665.49 3075.71 -5615.74
2377 -4094.35 3435.57 -5085.49
2378 -4478.5 3757.91 -4499.56
2379 -4813.7 4039.17 -3864.33
2380 -5096.25 4276.26 -3186.74
2381 -5323.01 4466.54 -2474.18
2382 -5491.48 4607.9 -1734.46
2383 -5599.77 4698.77 -975.683
2384 -5646.66 4738.11 -206.186
2385 -5631.62 4725.49 565.577
2386 -5554.79 4661.02 1331.12
2387 -5417 4545.4 2082.02
2388 -5219.76 4379.9 2810.01
2389 -4965.24 4166.33 3507.09
2390 -4656.23 3907.04 4165.6
2391 -4296.14 3604.89 4778.29
2392 -3888.93 3263.2 5338.44
2393 -3439.07 2885.72 5839.91
2394 -2951.5 2476.61 6277.2
2395 -2431.6 2040.35 6645.54
2396 -1885.05 1581.74 6940.89
2397 -1317.85 1105.81 7160.02
2398 -736.222 617.764 7300.55
2399 -146.531 122.954 7360.94
2400 469.714 -341.267 7340.54
2401 1089.04 -791.231 7239.56
2402 1696.43 -1232.53 7059.11
2403 2285.25 -1660.33 6801.16
2404 2849.03 -2069.94 6468.52
2405 3381.59 -2456.87 6064.83
2406 3877.09 -2816.87 5594.5
2407 4330.08 -3145.99 5062.69
2408 4735.58 -3440.6 4475.21
2409 5089.13 -3697.47 3838.52
2410 5386.83 -3913.76 3159.62
2411 5625.43 -4087.11 2445.95
2412 5802.29 -4215.61 1705.38
2413 5915.47 -4297.84 946.042
2414 5963.74 -4332.91 176.301
2415 5946.59 -4320.45 -595.379
2416 5864.22 -4260.61 -1360.52
2417 5717.57 -4154.06 -2110.7
2418 5508.29 -4002.01 -2837.71
2419 5238.69 -3806.13 -3533.57
2420 4911.78 -3568.62 -4190.68
2421 4531.16 -3292.08 -4801.86
2422 4101.04 -2979.58 -5360.45
2423 3626.14 -2634.55 -5860.38
2424 3111.69 -2260.77 -6296.22
2425 2563.31 -1862.35 -6663.24
2426 1986.99 -1443.63 -6957.49
2427 1389.04 -1009.2 -7175.77
2428 775.961 -563.769 -7315.74
2429 154.438 -112.206 -7375.89
2430 -468.767 340.579 -7355.57
2431 -1086.87 789.656 -7255
2432 -1693.14 1230.14 -7075.26
2433 -2280.97 1657.22 -6818.29
2434 -2843.96 2066.26 -6486.86
2435 -3375.95 2452.77 -6084.56
2436 -3871.11 2812.53 -5615.74
2437 -4324.03 3141.6 -5085.49
2438 -4729.73 3436.35 -4499.56
2439 -5083.73 3693.55 -3864.33
2440 -5382.13 3910.35 -3186.74
2441 -5621.62 4084.34 -2474.18
2442 -5799.54 4213.61 -1734.46
2443 -5913.9 4296.7 -975.683
2444 -5963.42 4332.68 -206.186
2445 -5947.54 4321.14 565.577
2446 -5866.39 4262.19 1331.12
2447 -5720.88 4156.46 2082.02
2448 -5512.57 4005.12 2810.01
2449 -5243.77 3809.83 3507.09
2450 -4917.43 3572.72 4165.6
2451 -4537.14 3296.43 4778.29
2452 -4107.08 2983.97 5338.44
2453 -3631.99 2638.79 5839.91
2454 -3117.07 2264.69 6277.2
2455 -2568 1865.76 6645.54
2456 -1990.79 1446.4 6940.89
2457 -1391.78 1011.19 7160.02
2458 -777.522 564.903 7300.55
2459 -154.751 112.433 7360.94
2460 486.931 -316.217 7340.54
2461 1128.95 -733.151 7239.56
2462 1758.61 -1142.06 7059.11
2463 2369.01 -1538.45 6801.16
2464 2953.46 -1918 6468.52
2465 3505.54 -2276.52 6064.83
2466 4019.2 -2610.1 5594.5
2467 4488.79 -2915.06 5062.69
2468 4909.15 -3188.04 4475.21
2469 5275.66 -3426.05 3838.52
2470 5584.28 -3626.48 3159.62
2471 5831.62 -3787.1 2445.95
2472 6014.96 -3906.16 1705.38
2473 6132.29 -3982.36 946.042
2474 6182.33 -4014.85 176.301
2475 6164.55 -4003.31 -595.379
2476 6079.17 -3947.86 -1360.52
2477 5927.15 -3849.13 -2110.7
2478 5710.19 -3708.24 -2837.71
2479 5430.71 -3526.75 -3533.57
2480 5091.81 -3306.66 -4190.68
2481 4697.25 -3050.43 -4801.86
2482 4251.36 -2760.86 -5360.45
2483 3759.06 -2441.16 -5860.38
2484 3225.74 -2094.82 -6296.22
2485 2657.26 -1725.65 -6663.24
2486 2059.82 -1337.67 -6957.49
2487 1439.95 -935.116 -7175.77
2488 804.403 -522.386 -7315.74
2489 160.098 -103.969 -7375.89
2490 -485.949 315.579 -7355.57
2491 -1126.71 731.692 -7255
2492 -1755.2 1139.84 -7075.26
2493 -2364.58 1535.58 -6818.29
2494 -2948.2 1914.58 -6486.86
2495 -3499.69 2272.72 -6084.56
2496 -4013.01 2606.08 -5615.74
2497 -4482.53 2910.99 -5085.49
2498 -4903.09 3184.11 -4499.56
2499 -5270.07 3422.42 -3864.33
2500 -5579.4 3623.31 -3186.74
2501 -5827.67 3784.53 -2474.18
2502 -6012.11 3904.31 -1734.46
2503 -6130.67 3981.3 -975.683
2504 -6182.01 4014.64 -206.186
2505 -6165.54 4003.95 565.577
2506 -6081.42 3949.32 1331.12
2507 -5930.57 3851.36 2082.02
2508 -5714.63 3711.12 2810.01
2509 -5435.98 3530.17 3507.09
2510 -5097.68 3310.47 4165.6
2511 -4703.44 3054.45 4778.29
2512 -4257.62 2764.93 5338.44
2513 -3765.11 2445.09 5839.91
2514 -3231.33 2098.45 6277.2
2515 -2662.13 1728.81 6645.54
2516 -2063.76 1340.22 6940.89
2517 -1442.79 936.96 7160.02
2518 -806.021 523.436 7300.55
2519 -160.423 104.18 7360.94
2520 619.979 -343.66 7329.28
2521 1287.88 -713.883 7214.96
2522 1941.68 -1076.29 7021.44
2523 2574.21 -1426.91 6750.82
2524 3178.53 -1761.89 6406.07
2525 3748.03 -2077.57 5990.94
2526 4276.44 -2370.47 5509.99
2527 4757.97 -2637.38 4968.47
2528 5187.31 -2875.37 4372.33
2529 5559.74 -3081.81 3728.11
2530 5871.16 -3254.44 3042.88
2531 6118.16 -3391.35 2324.17
2532 6298.01 -3491.04 1579.9
2533 6408.74 -3552.42 818.247
2534 6449.16 -3574.83 47.5929
2535 6418.83 -3558.01 -723.585
2536 6318.11 -3502.19 -1486.81
2537 6148.14 -3407.97 -2233.7
2538 5910.83 -3276.42 -2956.06
2539 5608.8 -3109.01 -3645.98
2540 5245.41 -2907.58 -4295.92
2541 4824.68 -2674.36 -4898.78
2542 4351.24 -2411.93 -5448
2543 3830.3 -2123.17 -5937.6
2544 3267.58 -1811.25 -6362.28
2545 2669.24 -1479.58 -6717.43
2546 2041.81 -1131.8 -6999.22
2547 1392.15 -771.682 -7204.59
2548 727.334 -403.168 -7331.34
2549 54.5991 -30.2648 -7378.1
2550 -618.73 342.968 -7344.36
2551 -1285.32 712.467 -7230.5
2552 -1937.93 1074.21 -7037.73
2553 -2569.42 1424.26 -6768.14
2554 -3172.93 1758.78 -6424.63
2555 -3741.85 2074.14 -6010.92
2556 -4269.95 2366.87 -5531.49
2557 -4751.45 2633.77 -4991.53
2558 -5181.05 2871.9 -4396.93
2559 -5554.01 3078.64 -3754.15
2560 -5866.22 3251.7 -3070.2
2561 -6114.22 3389.17 -2352.56
2562 -6295.24 3489.51 -1609.09
2563 -6407.27 3551.61 -847.951
2564 -6449.05 3574.77 -77.4871
2565 -6420.08 3558.71 693.828
2566 -6320.67 3503.61 1457.51
2567 -6151.9 3410.06 2205.16
2568 -5915.62 3279.08 2928.55
2569 -5614.41 3112.12 3619.73
2570 -5251.6 2911.01 4271.08
2571 -4831.17 2677.96 4875.47
2572 -4357.75 2415.54 5426.25
2573 -3836.55 2126.64 5917.39
2574 -3273.3 1814.42 6343.5
2575 -2674.17 1482.32 6699.93
2576 -2045.74 1133.97 6982.78
2577 -1394.91 773.211 7188.95
2578 -728.8 403.98 7316.21
2579 -54.7098 30.3261 7363.16
2580 637.115 -310.742 7329.28
2581 1323.48 -645.502 7214.96
2582 1995.34 -973.194 7021.44
2583 2645.36 -1290.23 6750.82
2584 3266.39 -1593.12 6406.07
2585 3851.63 -1878.56 5990.94
2586 4394.64 -2143.41 5509.99
2587 4889.48 -2384.76 4968.47
2588 5330.68 -2599.95 4372.33
2589 5713.41 -2786.62 3728.11
2590 6033.44 -2942.71 3042.88
2591 6287.26 -3066.5 2324.17
2592 6472.08 -3156.65 1579.9
2593 6585.88 -3212.15 818.247
2594 6627.41 -3232.4 47.5929
2595 6596.24 -3217.2 -723.585
2596 6492.74 -3166.72 -1486.81
2597 6318.08 -3081.53 -2233.7
2598 6074.2 -2962.59 -2956.06
2599 5763.82 -2811.2 -3645.98
2600 5390.39 -2629.07 -4295.92
2601 4958.03 -2418.19 -4898.78
2602 4471.51 -2180.9 -5448
2603 3936.17 -1919.8 -5937.6
2604 3357.9 -1637.76 -6362.28
2605 2743.02 -1337.86 -6717.43
2606 2098.25 -1023.38 -6999.22
2607 1430.63 -697.765 -7204.59
2608 747.437 -364.549 -7331.34
2609 56.1082 -27.3658 -7378.1
2610 -635.831 310.116 -7344.36
2611 -1320.85 644.222 -7230.5
2612 -1991.49 971.315 -7037.73
2613 -2640.44 1287.83 -6768.14
2614 -3260.63 1590.31 -6424.63
2615 -3845.27 1875.46 -6010.92
2616 -4387.97 2140.16 -5531.49
2617 -4882.78 2381.49 -4991.53
2618 -5324.25 2596.81 -4396.93
2619 -5707.53 2783.75 -3754.15
2620 -6028.37 2940.23 -3070.2
2621 -6283.22 3064.53 -2352.56
2622 -6469.24 3155.26 -1609.09
2623 -6584.37 3211.41 -847.951
2624 -6627.3 3232.35 -77.4871
2625 -6597.53 3217.83 693.828
2626 -6495.38 3168.01 1457.51
2627 -6321.94 3083.42 2205.16
2628 -6079.12 2964.99 2928.55
2629 -5769.59 2814.02 3619.73
2630 -5396.75 2632.17 4271.08
2631 -4964.7 2421.45 4875.47
2632 -4478.2 2184.16 5426.25
2633 -3942.59 1922.93 5917.39
2634 -3363.77 1640.62 6343.5
2635 -2748.08 1340.33 6699.93
2636 -2102.29 1025.35 6982.78
2637 -1433.46 699.147 7188.95
2638 -748.943 365.284 7316.21
2639 -56.222 27.4213 7363.16
2640 657.239 -265.542 7329.28
2641 1365.28 -551.609 7214.96
2642 2058.37 -831.635 7021.44
2643 2728.91 -1102.55 6750.82
2644 3369.56 -1361.39 6406.07
2645 3973.28 -1605.31 5990.94
2646 4533.46 -1831.63 5509.99
2647 5043.92 -2037.88 4968.47
2648 5499.06 -2221.76 4372.33
2649 5893.87 -2381.28 3728.11
2650 6224.02 -2514.67 3042.88
2651 6485.86 -2620.46 2324.17
2652 6676.52 -2697.49 1579.9
2653 6793.91 -2744.92 818.247
2654 6836.75 -2762.23 47.5929
2655 6804.6 -2749.24 -723.585
2656 6697.83 -2706.1 -1486.81
2657 6517.64 -2633.3 -2233.7
2658 6266.06 -2531.65 -2956.06
2659 5945.88 -2402.29 -3645.98
2660 5560.66 -2246.65 -4295.92
2661 5114.64 -2066.45 -4898.78
2662 4612.75 -1863.67 -5448
2663 4060.5 -1640.55 -5937.6
2664 3463.96 -1399.53 -6362.28
2665 2829.66 -1143.26 -6717.43
2666 2164.53 -874.525 -6999.22
2667 1475.82 -596.27 -7204.59
2668 771.046 -311.523 -7331.34
2669 57.8804 -23.3852 -7378.1
2670 -655.915 265.007 -7344.36
2671 -1362.57 550.515 -7230.5
2672 -2054.39 830.029 -7037.73
2673 -2723.85 1100.5 -6768.14
2674 -3363.62 1358.99 -6424.63
2675 -3966.73 1602.66 -6010.92
2676 -4526.57 1828.85 -5531.49
2677 -5037.01 2035.08 -4991.53
2678 -5492.43 2219.08 -4396.93
2679 -5887.81 2378.83 -3754.15
2680 -6218.78 2512.55 -3070.2
2681 -6481.68 2618.77 -2352.56
2682 -6673.58 2696.3 -1609.09
2683 -6792.35 2744.29 -847.951
2684 -6836.63 2762.18 -77.4871
2685 -6805.92 2749.77 693.828
2686 -6700.54 2707.19 1457.51
2687 -6521.63 2634.91 2205.16
2688 -6271.14 2533.71 2928.55
2689 -5951.83 2404.7 3619.73
2690 -5567.22 2249.3 4271.08
2691 -5121.52 2069.23 4875.47
2692 -4619.65 1866.46 5426.25
2693 -4067.13 1643.23 5917.39
2694 -3470.02 1401.98 6343.5
2695 -2834.88 1145.37 6699.93
2696 -2168.69 876.208 6982.78
2697 -1478.74 597.451 7188.95
2698 -772.6 312.151 7316.21
2699 -57.9978 23.4327 7363.16
2700 674.162 -219.048 7329.28
2701 1400.43 -455.028 7214.96
2702 2111.37 -686.025 7021.44
2703 2799.18 -909.507 6750.82
2704 3456.32 -1123.03 6406.07
2705 4075.59 -1324.24 5990.94
2706 4650.18 -1510.94 5509.99
2707 5173.79 -1681.07 4968.47
2708 5640.65 -1832.76 4372.33
2709 6045.63 -1964.34 3728.11
2710 6384.27 -2074.38 3042.88
2711 6652.85 -2161.64 2324.17
2712 6848.42 -2225.19 1579.9
2713 6968.83 -2264.31 818.247
2714 7012.78 -2278.59 47.5929
2715 6979.8 -2267.87 -723.585
2716 6870.28 -2232.29 -1486.81
2717 6685.46 -2172.24 -2233.7
2718 6427.4 -2088.39 -2956.06
2719 6098.98 -1981.68 -3645.98
2720 5703.83 -1853.29 -4295.92
2721 5246.33 -1704.63 -4898.78
2722 4731.51 -1537.36 -5448
2723 4165.05 -1353.31 -5937.6
2724 3553.15 -1154.49 -6362.28
2725 2902.52 -943.084 -6717.43
2726 2220.26 -721.405 -6999.22
2727 1513.82 -491.869 -7204.59
2728 790.899 -256.979 -7331.34
2729 59.3707 -19.2907 -7378.1
2730 -672.803 218.607 -7344.36
2731 -1397.65 454.125 -7230.5
2732 -2107.29 684.7 -7037.73
2733 -2793.98 907.818 -6768.14
2734 -3450.23 1121.05 -6424.63
2735 -4068.86 1322.05 -6010.92
2736 -4643.12 1508.64 -5531.49
2737 -5166.7 1678.76 -4991.53
2738 -5633.84 1830.55 -4396.93
2739 -6039.4 1962.32 -3754.15
2740 -6378.9 2072.63 -3070.2
2741 -6648.57 2160.25 -2352.56
2742 -6845.41 2224.21 -1609.09
2743 -6967.23 2263.79 -847.951
2744 -7012.66 2278.55 -77.4871
2745 -6981.16 2268.32 693.828
2746 -6873.06 2233.19 1457.51
2747 -6689.54 2173.56 2205.16
2748 -6432.61 2090.08 2928.55
2749 -6105.08 1983.66 3619.73
2750 -5710.56 1855.47 4271.08
2751 -5253.39 1706.93 4875.47
2752 -4738.6 1539.66 5426.25
2753 -4171.85 1355.51 5917.39
2754 -3559.36 1156.51 6343.5
2755 -2907.88 944.826 6699.93
2756 -2224.53 722.793 6982.78
2757 -1516.82 492.843 7188.95
2758 -792.493 257.496 7316.21
2759 -59.4911 19.3298 7363.16
2760 684.702 -183.465 7329.28
2761 1422.33 -381.112 7214.96
2762 2144.38 -574.584 7021.44
2763 2842.94 -761.763 6750.82
2764 3510.36 -940.597 6406.07
2765 4139.31 -1109.12 5990.94
2766 4722.88 -1265.49 5509.99
2767 5254.68 -1407.99 4968.47
2768 5728.84 -1535.04 4372.33
2769 6140.15 -1645.25 3728.11
2770 6484.09 -1737.41 3042.88
2771 6756.87 -1810.5 2324.17
2772 6955.49 -1863.72 1579.9
2773 7077.79 -1896.49 818.247
2774 7122.42 -1908.45 47.5929
2775 7088.92 -1899.47 -723.585
2776 6977.69 -1869.67 -1486.81
2777 6789.98 -1819.37 -2233.7
2778 6527.89 -1749.14 -2956.06
2779 6194.33 -1659.77 -3645.98
2780 5793 -1552.23 -4295.92
2781 5328.35 -1427.73 -4898.78
2782 4805.49 -1287.63 -5448
2783 4230.17 -1133.47 -5937.6
2784 3608.7 -966.949 -6362.28
2785 2947.89 -789.886 -6717.43
2786 2254.97 -604.217 -6999.22
2787 1537.49 -411.968 -7204.59
2788 803.264 -215.234 -7331.34
2789 60.299 -16.1571 -7378.1
2790 -683.322 183.096 -7344.36
2791 -1419.51 380.355 -7230.5
2792 -2140.24 573.475 -7037.73
2793 -2837.66 760.349 -6768.14
2794 -3504.17 938.939 -6424.63
2795 -4132.48 1107.29 -6010.92
2796 -4715.71 1263.57 -5531.49
2797 -5247.48 1406.06 -4991.53
2798 -5721.93 1533.19 -4396.93
2799 -6133.83 1643.55 -3754.15
2800 -6478.63 1735.94 -3070.2
2801 -6752.51 1809.33 -2352.56
2802 -6952.44 1862.9 -1609.09
2803 -7076.16 1896.05 -847.951
2804 -7122.3 1908.41 -77.4871
2805 -7090.31 1899.84 693.828
2806 -6980.52 1870.43 1457.51
2807 -6794.13 1820.48 2205.16
2808 -6533.18 1750.56 2928.55
2809 -6200.53 1661.43 3619.73
2810 -5799.84 1554.06 4271.08
2811 -5335.52 1429.65 4875.47
2812 -4812.68 1289.55 5426.25
2813 -4237.07 1135.32 5917.39
2814 -3615.01 968.64 6343.5
2815 -2953.34 791.345 6699.93
2816 -2259.31 605.38 6982.78
2817 -1540.53 412.784 7188.95
2818 -804.883 215.668 7316.21
2819 -60.4213 16.1898 7363.16
2820 695.832 -135.256 7329.28
2821 1445.45 -280.967 7214.96
2822 2179.23 -423.6 7021.44
2823 2889.15 -561.594 6750.82
2824 3567.42 -693.436 6406.07
2825 4206.59 -817.679 5990.94
2826 4799.66 -932.959 5509.99
2827 5340.09 -1038.01 4968.47
2828 5821.96 -1131.67 4372.33
2829 6239.96 -1212.92 3728.11
2830 6589.49 -1280.87 3042.88
2831 6866.7 -1334.75 2324.17
2832 7068.55 -1373.99 1579.9
2833 7192.84 -1398.15 818.247
2834 7238.2 -1406.96 47.5929
2835 7204.16 -1400.35 -723.585
2836 7091.12 -1378.37 -1486.81
2837 6900.35 -1341.29 -2233.7
2838 6634 -1289.52 -2956.06
2839 6295.02 -1223.63 -3645.98
2840 5887.17 -1144.35 -4295.92
2841 5414.96 -1052.56 -4898.78
2842 4883.6 -949.276 -5448
2843 4298.93 -835.627 -5937.6
2844 3667.36 -712.863 -6362.28
2845 2995.81 -582.327 -6717.43
2846 2291.62 -445.447 -6999.22
2847 1562.48 -303.715 -7204.59
2848 816.321 -158.677 -7331.34
2849 61.2791 -11.9115 -7378.1
2850 -694.43 134.983 -7344.36
2851 -1442.58 280.409 -7230.5
2852 -2175.03 422.782 -7037.73
2853 -2883.79 560.551 -6768.14
2854 -3561.13 692.213 -6424.63
2855 -4199.65 816.33 -6010.92
2856 -4792.37 931.542 -5531.49
2857 -5332.78 1036.59 -4991.53
2858 -5814.94 1130.31 -4396.93
2859 -6233.53 1211.68 -3754.15
2860 -6583.94 1279.79 -3070.2
2861 -6862.28 1333.89 -2352.56
2862 -7065.45 1373.38 -1609.09
2863 -7191.19 1397.83 -847.951
2864 -7238.07 1406.94 -77.4871
2865 -7205.56 1400.62 693.828
2866 -7093.99 1378.93 1457.51
2867 -6904.57 1342.11 2205.16
2868 -6639.38 1290.56 2928.55
2869 -6301.32 1224.85 3619.73
2870 -5894.12 1145.7 4271.08
2871 -5422.25 1053.98 4875.47
2872 -4890.91 950.697 5426.25
2873 -4305.95 836.991 5917.39
2874 -3673.78 714.11 6343.5
2875 -3001.35 583.402 6699.93
2876 -2296.03 446.304 6982.78
2877 -1565.57 304.316 7188.95
2878 -817.966 158.997 7316.21
2879 -61.4034 11.9356 7363.16
2880 701.957 -98.6536 7329.28
2881 1458.17 -204.933 7214.96
2882 2198.42 -308.967 7021.44
2883 2914.58 -409.618 6750.82
2884 3598.82 -505.781 6406.07
2885 4243.62 -596.402 5990.94
2886 4841.9 -680.485 5509.99
2887 5387.1 -757.107 4968.47
2888 5873.21 -825.426 4372.33
2889 6294.89 -884.688 3728.11
2890 6647.49 -934.244 3042.88
2891 6927.14 -973.547 2324.17
2892 7130.78 -1002.17 1579.9
2893 7256.15 -1019.79 818.247
2894 7301.91 -1026.22 47.5929
2895 7267.57 -1021.39 -723.585
2896 7153.54 -1005.36 -1486.81
2897 6961.09 -978.318 -2233.7
2898 6692.4 -940.555 -2956.06
2899 6350.43 -892.495 -3645.98
2900 5938.99 -834.671 -4295.92
2901 5462.63 -767.722 -4898.78
2902 4926.59 -692.387 -5448
2903 4336.77 -609.493 -5937.6
2904 3699.64 -519.951 -6362.28
2905 3022.18 -424.74 -6717.43
2906 2311.8 -324.902 -6999.22
2907 1576.23 -221.525 -7204.59
2908 823.507 -115.736 -7331.34
2909 61.8185 -8.68803 -7378.1
2910 -700.543 98.4548 -7344.36
2911 -1455.28 204.526 -7230.5
2912 -2194.17 308.371 -7037.73
2913 -2909.17 408.857 -6768.14
2914 -3592.48 504.89 -6424.63
2915 -4236.62 595.418 -6010.92
2916 -4834.55 679.452 -5531.49
2917 -5379.72 756.07 -4991.53
2918 -5866.12 824.43 -4396.93
2919 -6288.4 883.778 -3754.15
2920 -6641.9 933.458 -3070.2
2921 -6922.68 972.92 -2352.56
2922 -7127.64 1001.73 -1609.09
2923 -7254.49 1019.55 -847.951
2924 -7301.79 1026.2 -77.4871
2925 -7268.99 1021.59 693.828
2926 -7156.44 1005.77 1457.51
2927 -6965.35 978.916 2205.16
2928 -6697.82 941.317 2928.55
2929 -6356.79 893.388 3619.73
2930 -5946 835.656 4271.08
2931 -5469.98 768.756 4875.47
2932 -4933.97 693.424 5426.25
2933 -4343.85 610.488 5917.39
2934 -3706.11 520.86 6343.5
2935 -3027.77 425.525 6699.93
2936 -2316.24 325.527 6982.78
2937 -1579.35 221.964 7188.95
2938 -825.167 115.97 7316.21
2939 -61.9439 8.70565 7363.16
2940 707.129 -49.4473 7329.28
2941 1468.91 -102.717 7214.96
2942 2214.61 -154.861 7021.44
2943 2936.06 -205.309 6750.82
2944 3625.34 -253.508 6406.07
2945 4274.89 -298.929 5990.94
2946 4877.58 -341.074 5509.99
2947 5426.79 -379.478 4968.47
2948 5916.48 -413.721 4372.33
2949 6341.26 -443.424 3728.11
2950 6696.47 -468.263 3042.88
2951 6978.18 -487.962 2324.17
2952 7183.31 -502.306 1579.9
2953 7309.61 -511.138 818.247
2954 7355.71 -514.361 47.5929
2955 7321.12 -511.942 -723.585
2956 7206.24 -503.909 -1486.81
2957 7012.38 -490.353 -2233.7
2958 6741.7 -471.426 -2956.06
2959 6397.22 -447.337 -3645.98
2960 5982.75 -418.355 -4295.92
2961 5502.88 -384.799 -4898.78
2962 4962.89 -347.039 -5448
2963 4368.72 -305.491 -5937.6
2964 3726.9 -260.61 -6362.28
2965 3044.45 -212.889 -6717.43
2966 2328.83 -162.848 -6999.22
2967 1587.84 -111.033 -7204.59
2968 829.574 -58.0095 -7331.34
2969 62.274 -4.35462 -7378.1
2970 -705.704 49.3476 -7344.36
2971 -1466 102.513 -7230.5
2972 -2210.34 154.562 -7037.73
2973 -2930.61 204.928 -6768.14
2974 -3618.94 253.061 -6424.63
2975 -4267.84 298.436 -6010.92
2976 -4870.17 340.556 -5531.49
2977 -5419.36 378.958 -4991.53
2978 -5909.34 413.222 -4396.93
2979 -6334.74 442.968 -3754.15
2980 -6690.83 467.869 -3070.2
2981 -6973.69 487.648 -2352.56
2982 -7180.16 502.086 -1609.09
2983 -7307.94 511.021 -847.951
2984 -7355.58 514.352 -77.4871
2985 -7322.55 512.042 693.828
2986 -7209.16 504.114 1457.51
2987 -7016.67 490.653 2205.16
2988 -6747.17 471.808 2928.55
2989 -6403.62 447.785 3619.73
2990 -5989.81 418.848 4271.08
2991 -5510.28 385.317 4875.47
2992 -4970.32 347.559 5426.25
2993 -4375.85 305.989 5917.39
2994 -3733.42 261.066 6343.5
2995 -3050.07 213.282 6699.93
2996 -2333.31 163.161 6982.78
2997 -1590.99 111.253 7188.95
2998 -831.246 58.1264 7316.21
2999 -62.4003 4.36346 7363.16
