0 -66.1963 4.50861e-13 7363.12
1 -2342.46 4.27555e-13 6981.62
2 -4389.47 3.62362e-13 5915.22
3 -6006.55 2.61562e-13 4268.12
4 -7034.9 1.34968e-13 2201.69
5 -7373.51 -4.96889e-15 -81.1298
6 -6989.56 -1.44417e-13 -2356.01
7 -5921.6 -2.6962e-13 -4399.85
8 -4275.29 -3.68339e-13 -6013.03
9 -2212.27 -4.31049e-13 -7038.82
10 66.0623 -4.51776e-13 -7378.07
11 2337.97 -4.28562e-13 -6998.06
12 4382.32 -3.636e-13 -5935.44
13 5999.48 -2.63084e-13 -4292.96
14 7030.6 -1.36718e-13 -2230.23
15 7373.64 3.13618e-15 51.2358
16 6994.07 1.42678e-13 2327.63
17 5928.76 2.68115e-13 4375.26
18 4282.36 3.67117e-13 5993.06
19 2216.55 4.30052e-13 7022.53
20 -65.7029 -8.0673 7363.12
21 -2325 -285.474 6981.62
22 -4356.75 -534.942 5915.22
23 -5961.78 -732.015 4268.12
24 -6982.46 -857.338 2201.69
25 -7318.55 -898.605 -81.1298
26 -6937.46 -851.813 -2356.01
27 -5877.47 -721.662 -4399.85
28 -4243.43 -521.027 -6013.03
29 -2195.78 -269.607 -7038.82
30 65.5699 8.05097 -7378.07
31 2320.54 284.926 -6998.06
32 4349.65 534.07 -5935.44
33 5954.76 731.152 -4292.96
34 6978.2 856.815 -2230.23
35 7318.68 898.621 51.2358
36 6941.94 852.362 2327.63
37 5884.57 722.534 4375.26
38 4250.44 521.888 5993.06
39 2200.03 270.129 7022.53
40 -189.135 -47.1567 7360.85
41 -2390.99 -596.142 6939.67
42 -4358.83 -1086.78 5837.69
43 -5899.73 -1470.97 4162.59
44 -6862.34 -1710.97 2078.52
45 -7152.14 -1783.23 -209.828
46 -6741.11 -1680.75 -2477.61
47 -5670.46 -1413.8 -4502.44
48 -4046.03 -1008.79 -6086.62
49 -2027.29 -505.459 -7076.29
50 188.752 47.0612 -7375.8
51 2386.43 595.004 -6956.27
52 4351.82 1085.03 -5858.17
53 5892.95 1469.28 -4187.68
54 6858.39 1709.99 -2107.21
55 7152.53 1783.33 179.943
56 6745.69 1681.89 2449.39
57 5677.47 1415.55 4478.1
58 4052.8 1010.48 6066.9
59 2031.23 506.442 7060.15
60 -302.102 -115.966 7356.32
61 -2413.46 -926.441 6895.6
62 -4288.59 -1646.24 5758.38
63 -5743.65 -2204.78 4055.8
64 -6635.7 -2547.21 1954.73
65 -6877.16 -2639.9 -338.461
66 -6444.78 -2473.92 -2598.45
67 -5381.83 -2065.89 -4603.66
68 -3793.36 -1456.13 -6158.36
69 -1835.23 -704.478 -7111.61
70 301.491 115.731 -7371.29
71 2408.88 924.684 -6912.37
72 4281.79 1643.63 -5779.11
73 5737.22 2202.31 -4081.13
74 6632.1 2545.82 -1983.55
75 6877.78 2640.13 308.595
76 6449.37 2475.68 2570.39
77 5388.63 2068.5 4579.58
78 3799.78 1458.6 6138.88
79 1838.82 705.856 7095.61
80 -285.717 -151.918 7356.32
81 -2282.57 -1213.66 6895.6
82 -4056 -2156.61 5758.38
83 -5432.14 -2888.32 4055.8
84 -6275.81 -3336.91 1954.73
85 -6504.18 -3458.33 -338.461
86 -6095.24 -3240.9 -2598.45
87 -5089.94 -2706.37 -4603.66
88 -3587.63 -1907.58 -6158.36
89 -1735.7 -922.886 -7111.61
90 285.139 151.611 -7371.29
91 2278.24 1211.36 -6912.37
92 4049.57 2153.19 -5779.11
93 5426.06 2885.09 -4081.13
94 6272.41 3335.1 -1983.55
95 6504.76 3458.64 308.595
96 6099.59 3243.21 2570.39
97 5096.38 2709.79 4579.58
98 3593.7 1910.8 6138.88
99 1739.09 924.69 7095.61
100 -365.81 -265.776 7349.55
101 -2188.68 -1590.17 6849.43
102 -3797.32 -2758.91 5677.31
103 -5033.98 -3657.4 3947.77
104 -5777.19 -4197.37 1830.33
105 -5953.99 -4325.83 -466.992
106 -5547.43 -4030.44 -2718.49
107 -4598.16 -3340.76 -4703.48
108 -3199.94 -2324.9 -6228.24
109 -1489.93 -1082.49 -7144.78
110 365.071 265.239 -7364.55
111 2184.56 1587.17 -6866.37
112 3791.38 2754.6 -5698.29
113 5028.49 3653.41 -3973.34
114 5774.25 4195.24 -1859.29
115 5954.73 4326.36 437.153
116 5551.56 4033.45 2690.62
117 4604.1 3345.07 4679.65
118 3205.42 2328.88 6208.99
119 1492.85 1084.62 7128.9
120 -424.623 -395.968 7340.54
121 -2065.87 -1926.46 6801.16
122 -3504.9 -3268.37 5594.5
123 -4600.58 -4290.11 3838.52
124 -5245.28 -4891.31 1705.38
125 -5375.73 -5012.95 -595.379
126 -4979.51 -4643.47 -2837.71
127 -4096.18 -3819.75 -4801.86
128 -2812.98 -2623.14 -6296.22
129 -1255.69 -1170.95 -7175.77
130 423.766 395.168 -7355.57
131 2062.01 1922.85 -6818.29
132 3499.5 3263.33 -5615.74
133 4595.71 4285.57 -3864.33
134 5242.8 4888.99 -1734.46
135 5376.59 5013.75 565.577
136 4983.38 4647.08 2810.01
137 4101.59 3824.79 4778.29
138 2817.84 2627.68 6277.2
139 1258.17 1173.26 7160.02
140 -455.644 -543.015 7329.28
141 -1891.87 -2254.64 6750.82
142 -3142.9 -3745.57 5509.99
143 -4086.04 -4869.55 3728.11
144 -4628.62 -5516.17 1579.9
145 -4717.41 -5621.99 -723.585
146 -4344.07 -5177.06 -2956.06
147 -3545.82 -4225.74 -4898.78
148 -2401.46 -2861.94 -6362.28
149 -1023.14 -1219.33 -7204.59
150 454.725 541.921 -7344.36
151 1888.36 2250.46 -6768.14
152 3138.13 3739.88 -5531.49
153 4081.83 4864.54 -3754.15
154 4626.59 5513.75 -1609.09
155 4718.34 5623.09 693.828
156 4347.59 5181.25 2928.55
157 3550.59 4231.43 4875.47
158 2405.66 2866.95 6343.5
159 1025.17 1221.75 7188.95
160 -386.07 -594.496 7329.28
161 -1603 -2468.4 6750.82
162 -2663.01 -4100.67 5509.99
163 -3462.13 -5331.22 3728.11
164 -3921.87 -6039.14 1579.9
165 -3997.1 -6155 -723.585
166 -3680.76 -5667.88 -2956.06
167 -3004.4 -4626.37 -4898.78
168 -2034.77 -3133.28 -6362.28
169 -866.914 -1334.93 -7204.59
170 385.292 593.298 -7344.36
171 1600.02 2463.81 -6768.14
172 2658.96 4094.45 -5531.49
173 3458.57 5325.73 -3754.15
174 3920.14 6036.49 -1609.09
175 3997.88 6156.2 693.828
176 3683.75 5672.47 2928.55
177 3008.44 4632.6 4875.47
178 2038.33 3138.76 6343.5
179 868.631 1337.57 7188.95
180 -366.871 -752.197 7315.8
181 -1341.78 -2751.06 6698.42
182 -2185.34 -4480.62 5423.79
183 -2814.8 -5771.2 3616.55
184 -3168.32 -6496.03 1453.94
185 -3211.23 -6583.99 -851.569
186 -2939.57 -6027 -3073.51
187 -2380.41 -4880.57 -4994.21
188 -1588.93 -3257.78 -6426.41
189 -642.66 -1317.65 -7231.22
190 366.133 750.685 -7330.93
191 1339.31 2745.99 -6715.93
192 2182.08 4473.92 -5445.55
193 2811.99 5765.44 -3642.82
194 3167.04 6493.4 -1483.24
195 3211.97 6585.51 821.867
196 2942.04 6032.09 3046.2
197 2383.68 4887.26 4971.16
198 1591.73 3263.54 6407.86
199 643.937 1320.27 7215.69
200 -298.103 -917.467 7300.07
201 -981.906 -3021.99 6643.97
202 -1569.58 -4830.68 5335.93
203 -2003.48 -6166.08 3503.89
204 -2240.97 -6896.99 1327.54
205 -2258.76 -6951.75 -979.294
206 -2055.3 -6325.58 -3190.02
207 -1650.86 -5080.82 -5088.12
208 -1085.31 -3340.23 -6488.6
209 -414.042 -1274.29 -7255.66
210 297.505 915.626 -7315.27
211 980.111 3016.47 -6661.68
212 1567.27 4823.57 -5357.95
213 2001.54 6160.11 -3530.38
214 2240.14 6894.44 -1356.93
215 2259.36 6953.6 949.655
216 2057.1 6331.11 3162.91
217 1653.17 5087.93 5065.33
218 1087.24 3346.19 6470.26
219 414.868 1276.83 7240.23
220 -184.07 -946.958 7300.07
221 -606.298 -3119.13 6643.97
222 -969.171 -4985.95 5335.93
223 -1237.09 -6364.28 3503.89
224 -1383.73 -7118.69 1327.54
225 -1394.72 -7175.21 -979.294
226 -1269.09 -6528.91 -3190.02
227 -1019.36 -5244.14 -5088.12
228 -670.146 -3447.6 -6488.6
229 -255.659 -1315.25 -7255.66
230 183.701 945.058 -7315.27
231 605.19 3113.43 -6661.68
232 967.746 4978.62 -5357.95
233 1235.89 6358.12 -3530.38
234 1383.22 7116.05 -1356.93
235 1395.09 7177.11 949.655
236 1270.2 6534.62 3162.91
237 1020.78 5251.47 5065.33
238 671.341 3453.75 6470.26
239 256.169 1317.87 7240.23
240 -76.1863 -1089.51 7282.12
241 -229.724 -3285.2 6587.49
242 -360.771 -5159.26 5246.44
243 -456.47 -6527.83 3390.16
244 -507.419 -7256.42 1200.73
245 -508.623 -7273.65 -1106.72
246 -460.011 -6578.47 -3305.56
247 -366.419 -5240.04 -5180.49
248 -237.073 -3390.3 -6548.81
249 -84.6364 -1210.36 -7277.9
250 76.0337 1087.33 -7297.39
251 229.307 3279.25 -6605.41
252 360.249 5151.8 -5268.72
253 456.042 6521.71 -3416.86
254 507.249 7253.99 -1230.21
255 508.776 7275.84 1077.15
256 460.429 6584.43 3278.65
257 366.941 5247.5 5157.95
258 237.5 3396.4 6530.69
259 84.8058 1212.78 7262.55
260 63.815 -1217.66 7261.95
261 178.357 -3403.26 6529
262 275.437 -5255.65 5155.35
263 345.529 -6593.09 3275.39
264 381.746 -7284.15 1073.55
265 380.54 -7261.14 -1233.81
266 342.065 -6526.99 -3420.09
267 270.147 -5154.71 -5271.27
268 171.871 -3279.5 -6607.03
269 56.8573 -1084.9 -7297.93
270 -63.6876 1215.23 -7277.3
271 -178.037 3397.14 -6547.13
272 -275.046 5248.19 -5177.89
273 -345.216 6587.12 -3302.3
274 -381.632 7281.96 -1103.12
275 -380.668 7263.58 1204.32
276 -342.386 6533.12 3393.39
277 -270.538 5162.18 5249
278 -172.183 3285.45 6589.12
279 -56.9714 1087.08 7282.66
280 233.752 -1325.67 7239.56
281 611.518 -3468.09 6468.52
282 929.412 -5270.96 5062.69
283 1156.24 -6557.34 3159.62
284 1269.7 -7200.83 946.042
285 1258.7 -7138.45 -1360.52
286 1124.44 -6377.01 -3533.57
287 880.251 -4992.15 -5360.45
288 550.19 -3120.29 -6663.24
289 166.553 -944.569 -7315.74
290 -233.287 1323.03 -7255
291 -610.43 3461.92 -6486.86
292 -928.115 5263.6 -5085.49
293 -1155.23 6551.61 -3186.74
294 -1269.37 7198.93 -975.683
295 -1259.17 7141.1 1331.12
296 -1125.53 6383.19 3507.09
297 -881.548 4999.51 5338.44
298 -551.198 3126 6645.54
299 -166.888 946.469 7300.55
300 415.975 -1280.24 7239.56
301 1088.23 -3349.24 6468.52
302 1653.94 -5090.31 5062.69
303 2057.59 -6332.6 3159.62
304 2259.51 -6954.05 946.042
305 2239.93 -6893.8 -1360.52
306 2001 -6158.45 -3533.57
307 1566.46 -4821.06 -5360.45
308 979.096 -3013.35 -6663.24
309 296.391 -912.197 -7315.74
310 -415.147 1277.69 -7255
311 -1086.3 3343.27 -6486.86
312 -1651.63 5083.21 -5085.49
313 -2055.79 6327.07 -3186.74
314 -2258.91 6952.21 -975.683
315 -2240.76 6896.36 1331.12
316 -2002.94 6164.43 3507.09
317 -1568.77 4828.16 5338.44
318 -980.889 3018.87 6645.54
319 -296.987 914.032 7300.55
320 622.306 -1334.54 7214.96
321 1535.87 -3293.69 6406.07
322 2299.06 -4930.35 4968.47
323 2836.96 -6083.88 3042.88
324 3096.72 -6640.94 818.247
325 3052.93 -6547.02 -1486.81
326 2710.18 -5812.01 -3645.98
327 2102.53 -4508.89 -5448
328 1289.78 -2765.95 -6717.43
329 351.449 -753.686 -7331.34
330 -621.072 1331.89 -7230.5
331 -1533.17 3287.89 -6424.63
332 -2295.91 4923.6 -4991.53
333 -2834.57 6078.76 -3070.2
334 -3096.01 6639.41 -847.951
335 -3054.16 6549.68 1457.51
336 -2712.9 5817.83 3619.73
337 -2105.68 4515.64 5426.25
338 -1292.16 2771.05 6699.93
339 -352.158 755.205 7316.21
340 847.04 -1355.55 7188.16
341 1984.91 -3176.51 6341.65
342 2928.42 -4686.44 4872.74
343 3584.95 -5737.13 2925.21
344 3890.02 -6225.33 690.201
345 3813.78 -6103.32 -1612.65
346 3364.11 -5383.71 -3757.28
347 2585.66 -4137.91 -5533.89
348 1555.01 -2488.53 -6769.58
349 372.961 -596.863 -7344.71
350 -845.366 1352.87 -7203.8
351 -1981.44 3170.97 -6360.44
352 -2924.48 4680.15 -4896.06
353 -3582.05 5732.48 -2952.72
354 -3889.26 6224.12 -719.959
355 -3815.45 6106 1583.46
356 -3367.58 5389.26 3731.25
357 -2589.59 4144.21 5512.4
358 -1557.9 2493.16 6752.27
359 -373.714 598.068 7329.63
360 1005.93 -1242.22 7188.16
361 2357.23 -2910.94 6341.65
362 3477.72 -4294.63 4872.74
363 4257.41 -5257.47 2925.21
364 4619.7 -5704.85 690.201
365 4529.16 -5593.04 -1612.65
366 3995.15 -4933.6 -3757.28
367 3070.67 -3791.96 -5533.89
368 1846.69 -2280.48 -6769.58
369 442.92 -546.961 -7344.71
370 -1003.94 1239.76 -7203.8
371 -2353.12 2905.86 -6360.44
372 -3473.05 4288.86 -4896.06
373 -4253.97 5253.21 -2952.72
374 -4618.8 5703.74 -719.959
375 -4531.15 5595.5 1583.46
376 -3999.27 4938.69 3731.25
377 -3075.34 3797.73 5512.4
378 -1850.13 2284.72 6752.27
379 -443.815 548.066 7329.63
380 1240.05 -1197.5 7159.17
381 2773.79 -2678.62 6275.3
382 4035.91 -3897.44 4775.52
383 4902.52 -4734.31 2806.65
384 5288.47 -5107.02 561.945
385 5156.06 -4979.15 -1738
386 4518.84 -4363.8 -3867.43
387 3440.02 -3321.99 -5618.1
388 2025.72 -1956.21 -6819.68
389 414.197 -399.986 -7355.86
390 -1237.61 1195.15 -7174.92
391 -2769 2673.99 -6294.32
392 -4030.6 3892.3 -4799.1
393 -4898.72 4730.64 -2834.35
394 -5287.63 5106.21 -591.748
395 -5158.51 4981.51 1708.92
396 -4523.64 4368.43 3841.63
397 -3445.33 3327.12 5596.87
398 -2029.51 1959.88 6802.56
399 -415.035 400.795 7340.82
400 1495.71 -1086.69 7127.99
401 3207.91 -2330.68 6207.03
402 4605.97 -3346.44 4676.84
403 5552.64 -4034.23 2687.22
404 5954.91 -4326.49 433.516
405 5773.51 -4194.7 -1862.81
406 5026.91 -3652.26 -3976.4
407 3789.11 -2752.95 -5700.6
408 2181.82 -1585.18 -6867.7
409 362.134 -263.106 -7364.77
410 -1492.77 1084.56 -7143.87
411 -3202.43 2326.7 -6226.28
412 -4600.03 3342.12 -4700.67
413 -5548.51 4031.23 -2715.11
414 -5954.17 4325.96 -463.356
415 -5776.45 4196.84 1833.86
416 -5032.4 3656.25 3950.84
417 -3795.04 2757.26 5679.63
418 -2185.94 1588.18 6850.76
419 -362.867 263.639 7349.77
420 1725.76 -956.603 7094.63
421 3562.46 -1974.71 6136.87
422 5050.3 -2799.42 4576.72
423 6043.17 -3349.78 2566.98
424 6443.54 -3571.71 304.955
425 6212.39 -3443.58 -1987.06
426 5373.12 -2978.37 -4084.17
427 4008.88 -2222.16 -5781.37
428 2253.77 -1249.28 -6913.64
429 279.272 -154.803 -7371.45
430 -1722.39 954.736 -7110.64
431 -3556.44 1971.37 -6156.36
432 -5043.92 2795.89 -4600.81
433 -6038.87 3347.4 -2595.04
434 -6442.97 3571.4 -334.822
435 -6215.77 3445.46 1958.24
436 -5379.15 2981.71 4058.84
437 -4015.25 2225.69 5760.65
438 -2258.05 1251.66 6896.88
439 -279.838 155.117 7356.48
440 1829.47 -739.155 7094.63
441 3776.56 -1525.83 6136.87
442 5353.82 -2163.08 4576.72
443 6406.36 -2588.34 2566.98
444 6830.8 -2759.82 304.955
445 6585.75 -2660.82 -1987.06
446 5696.04 -2301.35 -4084.17
447 4249.81 -1717.04 -5781.37
448 2389.22 -965.308 -6913.64
449 296.057 -119.615 -7371.45
450 -1825.9 737.713 -7110.64
451 -3770.18 1523.25 -6156.36
452 -5347.06 2160.35 -4600.81
453 -6401.81 2586.5 -2595.04
454 -6830.19 2759.58 -334.822
455 -6589.33 2662.26 1958.24
456 -5702.43 2303.93 4058.84
457 -4256.57 1719.76 5760.65
458 -2393.76 967.142 6896.88
459 -296.657 119.857 7356.48
460 2025.46 -542.719 7059.11
461 4037.45 -1081.83 6064.83
462 5654.04 -1515 4475.21
463 6716.48 -1799.68 2445.95
464 7120.4 -1907.91 176.301
465 6826.5 -1829.15 -2110.7
466 5864.42 -1571.37 -4190.68
467 4329.43 -1160.07 -5860.38
468 2372.37 -635.675 -6957.49
469 184.391 -49.4074 -7375.89
470 -2021.52 541.666 -7075.26
471 -4030.71 1080.03 -6084.56
472 -5647.06 1513.13 -4499.56
473 -6711.93 1798.46 -2474.18
474 -7120.03 1907.81 -206.186
475 -6830.44 1830.21 2082.02
476 -5871.17 1573.17 4165.6
477 -4336.41 1161.94 5839.91
478 -2376.91 636.89 6940.89
479 -184.765 49.5076 7360.94
480 2198.42 -308.967 7021.44
481 4243.62 -596.402 5990.94
482 5873.21 -825.426 4372.33
483 6927.14 -973.547 2324.17
484 7301.91 -1026.22 47.5929
485 6961.09 -978.318 -2233.7
486 5938.99 -834.671 -4295.92
487 4336.77 -609.493 -5937.6
488 2311.8 -324.902 -6999.22
489 61.8185 -8.68803 -7378.1
490 -2194.17 308.371 -7037.73
491 -4236.62 595.418 -6010.92
492 -5866.12 824.43 -4396.93
493 -6922.68 972.92 -2352.56
494 -7301.79 1026.2 -77.4871
495 -6965.35 978.916 2205.16
496 -5946 835.656 4271.08
497 -4343.85 610.488 5917.39
498 -2316.24 325.527 6982.78
499 -61.9439 8.70565 7363.16
