0 0 1008.54 81.9691 264
0 1 4411.62 -5.84069 0
0 2 8170.33 -30.6114 0
0 3 11169.9 -51.2667 0
0 4 13087.8 -70.8621 0
0 5 13735 -88.0301 0
0 6 13050 -70.3103 0
0 7 11098 -50.6964 0
0 8 8071.61 -29.9901 0
0 9 4297.78 -4.95382 0
1 0 1022.86 76.9326 247
1 1 4522.29 -6.68619 0
1 2 8265.89 -31.2141 0
1 3 11239.1 -51.8221 0
1 4 13123.6 -71.4008 0
1 5 13733.9 -87.8876 0
1 6 13012.1 -69.771 0
1 7 11027.1 -50.1396 0
1 8 7974.86 -29.3824 0
1 9 4186.79 -4.07087 0
2 0 13720 -86.5151 0
2 1 13033.4 -70.0716 0
2 2 11078.7 -50.544 0
2 3 8053.56 -29.8767 0
2 4 4289.09 -4.88538 0
2 5 1023.45 76.7683 264
2 6 4402.52 -5.7705 0
2 7 8152.15 -30.4969 0
2 8 11150.6 -51.113 0
2 9 13071.2 -70.6182 0
3 0 13720.1 -86.5168 0
3 1 13070.4 -70.606 0
3 2 11148.9 -51.0998 0
3 3 8149.88 -30.4826 0
3 4 4399.98 -5.75083 0
3 5 1023.28 76.8142 281
3 6 4291.64 -4.90549 0
3 7 8055.86 -29.8911 0
3 8 11080.3 -50.5572 0
3 9 13034.2 -70.0841 0
4 0 1015.62 79.1681 264
4 1 4412.85 -5.85021 0
4 2 8170.54 -30.6127 0
4 3 11169.6 -51.2647 0
4 4 13087.3 -70.8552 0
4 5 13734.5 -87.9589 0
4 6 13049.6 -70.3043 0
4 7 11097.9 -50.6952 0
4 8 8071.95 -29.9923 0
4 9 4299.21 -4.96509 0
5 0 1008.35 82.0615 282
5 1 4300.78 -4.97745 0
5 2 8074.19 -30.0064 0
5 3 11099.8 -50.7106 0
5 4 13050.9 -70.3232 0
5 5 13735 -88.0327 0
5 6 13086.9 -70.8493 0
5 7 11168.1 -51.2525 0
5 8 8167.77 -30.5953 0
5 9 4408.62 -5.81757 0
6 0 1015.63 79.1649 263
6 1 4413 -5.85133 0
6 2 8170.66 -30.6135 0
6 3 11169.7 -51.2654 0
6 4 13087.3 -70.8559 0
6 5 13734.5 -87.9588 0
6 6 13049.6 -70.3036 0
6 7 11097.8 -50.6945 0
6 8 8071.83 -29.9915 0
6 9 4299.06 -4.96395 0
7 0 13719.5 -86.4743 0
7 1 13032.9 -70.0651 0
7 2 11078.4 -50.5421 0
7 3 8053.79 -29.8781 0
7 4 4290.38 -4.89559 0
7 5 1030.45 74.9598 263
7 6 4403.91 -5.78121 0
7 7 8152.49 -30.499 0
7 8 11150.4 -51.1117 0
7 9 13070.8 -70.6121 0
8 0 13719 -86.4325 0
8 1 12995.4 -69.5368 0
8 2 11007.6 -49.9874 0
8 3 7956.66 -29.2683 0
8 4 4178.06 -4.00063 0
8 5 1037.55 73.3388 246
8 6 4513.25 -6.61768 0
8 7 8247.86 -31.1003 0
8 8 11220 -51.668 0
8 9 13107.2 -71.1519 0
9 0 13719.5 -86.4744 0
9 1 13033 -70.0658 0
9 2 11078.5 -50.5428 0
9 3 8053.91 -29.8789 0
9 4 4290.53 -4.89673 0
9 5 1030.44 74.962 263
9 6 4403.77 -5.78009 0
9 7 8152.36 -30.4982 0
9 8 11150.3 -51.111 0
9 9 13070.7 -70.6114 0
