0 1083.87 4757.79 4094.43
1 1609.42 -5859.53 -1933.12
2 -4495.09 -1623.7 -4214.98
3 -5770.47 -2103.53 1731.93
4 5101.83 -2366.95 3009.44
5 -2893.82 3123.13 4737.71
6 -58.6866 -5988.22 -2191.82
7 1918.85 -5975.25 -1161.17
8 3782.93 -3239.21 -3973.01
9 -2120.94 4652.8 -3801.55
10 6318.11 567.044 -693.626
11 4242.44 -3704.63 -2988.59
12 -1501.14 5847.61 -2062.18
13 3311.02 -3173.21 4425.45
14 6340.28 -500.382 -531.27
15 5602.96 -1075.36 -2853.72
16 5102.48 -24.0005 3814.78
17 -1036.86 -4634.29 -4252
18 1348.54 4094.97 4691
19 1478.64 -5433.87 2994.82
20 1928.83 4387.23 4196.66
21 691.113 -6165.78 -1498.37
22 1897.4 5386.9 2831.43
23 -5875.96 -2484.1 196.478
24 -3470.33 4707.81 -2550.52
25 -4237.74 3130.45 3586.78
26 4761.64 3354.92 -2591.25
27 2401.16 5289.76 -2634.88
28 3747.07 -191.818 5140.8
29 4036.79 832.564 -4854.04
30 5381.96 -3412.66 -288.303
31 -4725.23 -4004.52 -1520.6
32 -1733.57 -3893.2 4729.53
33 -3793.39 -715.02 5062.69
34 -324.172 -6371.74 196.828
35 855.631 -4115.95 -4781.14
36 1330.3 -4603.65 -4201.67
37 -6072.52 227.817 -1943.57
38 -3812.65 2049.43 4673.62
39 -3954.64 -4632.5 1899.94
40 -6188.15 1562.45 134.465
41 6351.57 52.9348 -639.121
42 1698.48 5038.06 3513.48
43 -3803.45 2553.84 -4430.89
44 5060.47 -2277.93 -3137.54
45 -3921.63 903.326 -4936.03
46 690.198 -5684.77 2800.68
47 -4935.05 1217.51 -3841.94
48 -942.59 6141.57 1435.27
49 -4763.6 -415.463 -4208.15
50 -3132.87 4516.6 -3227.38
51 -1283.25 5848.49 -2204.26
52 1955.77 4843.75 3655.16
53 -2128.2 5467.16 -2502.21
54 -4631.6 -2980.92 -3214.1
55 6169.21 -1366.5 -871.954
56 -2315.09 -3292.88 4934.19
57 -3311.39 5454.1 -200.736
58 -3636.45 -497.647 5205.06
59 -373.407 5350.03 3442.81
60 4674.23 2284.17 -3678.56
61 5230.03 3161.99 1838.43
62 4944.6 1960.85 -3509.71
63 -3774.16 -3787.82 -3476.19
64 -347.573 4822.34 4154.64
65 -3456.52 -5277.2 960.518
66 4455.61 1048.21 4433.62
67 4968.56 31.609 -3989.34
68 2202.12 -5989.21 117.007
69 -3207.42 1831.15 -5188.99
70 -6152.91 -1695.89 -29.6424
71 4098.66 4352.2 2231.4
72 3450.84 -3417.22 4129.42
73 -3500.39 1275.66 5160.48
74 4986.44 3763.08 1299.34
75 529.459 -5257.6 3564.87
76 3683.84 1353.89 5015.28
77 -3703.71 4046.5 3254.83
78 2033.86 4071.19 4455.35
79 4002.69 -4817.93 1206.11
80 -5822.39 112.355 2592.83
81 5513.71 83.5842 3204.57
82 1649.09 -4452.68 -4245.33
83 603.2 5346.06 -3418.18
84 6230.7 -1272.24 490.015
85 -6123.2 854.948 -1581.41
86 3934.25 191.625 5007
87 3907.97 768.448 4971.02
88 685.141 6292 -797.218
89 5224.26 1412.5 3371.54
90 -1837.92 -5990.05 1196.66
91 -5236.19 946.338 -3505.04
92 412.141 6370.68 -41.6437
93 -5073.39 -2315.23 -3094.44
94 -940.926 5707.47 -2682.44
95 3147.35 -4298.97 3496.3
96 3140.61 -2260.79 -5059.2
97 4179.57 -2796.66 3913.47
98 -4232.67 2823.64 -3835.17
99 -4973.16 -1775.12 3568.79
