0 0 5885.88 -16.1824 0
0 1 7477.25 -26.2689 0
0 2 9598.61 -39.8625 0
0 3 11376.5 -52.943 0
0 4 12390.2 -62.2947 0
0 5 12461.6 -63.0556 0
0 6 11580.8 -54.6607 0
0 7 9899.57 -41.9115 0
0 8 7790.29 -28.2258 0
0 9 6039.18 -17.1802 0
1 0 11115.8 -50.8374 0
1 1 11485.5 -53.8516 0
1 2 11231.9 -51.7637 0
1 3 10414.2 -45.5411 0
1 4 9252.55 -37.5595 0
1 5 8146.38 -30.4606 0
1 6 7618.51 -27.1515 0
1 7 7988.22 -29.4663 0
1 8 9026.77 -36.0826 0
1 9 10212.9 -44.1001 0
2 0 12502.2 -63.4974 0
2 1 10260 -44.435 0
2 2 7089.47 -23.8449 0
2 3 3509.2 1.82945 0
2 4 2432.63 14.6211 0
2 5 5783.22 -15.5088 0
2 6 9187.21 -37.1302 0
2 7 11807.5 -56.6494 0
2 8 13320.8 -74.6789 0
2 9 13560.4 -79.9631 0
3 0 8286.97 -31.3474 0
3 1 4881.79 -9.33505 0
3 2 2498.86 13.6198 0
3 3 4756.29 -8.4258 0
3 4 8163.63 -30.5692 0
3 5 11021.9 -50.0992 0
3 6 12895.5 -68.1883 0
3 7 13564.3 -80.0731 0
3 8 12950.4 -68.9199 0
3 9 11119.4 -50.8656 0
4 0 7159.99 -24.2862 0
4 1 10204.4 -44.0403 0
4 2 12391.7 -62.3105 0
4 3 13438.5 -77.0091 0
4 4 13226.4 -73.0338 0
4 5 11784 -56.4384 0
4 6 9280.69 -37.7449 0
4 7 6064.38 -17.3434 0
4 8 3106.1 5.93758 0
4 9 3895.63 -1.65538 0
5 0 4964.1 -9.92326 0
5 1 3657.52 0.448206 0
5 2 5773.55 -15.4451 0
5 3 8766.41 -34.4001 0
5 4 11280.1 -52.1538 0
5 5 12857.2 -67.6921 0
5 6 13289.6 -74.1165 0
5 7 12522 -63.7156 0
5 8 10645.8 -47.2382 0
5 9 7926.38 -29.0783 0
6 0 11276.3 -52.1232 0
6 1 10969.9 -49.6949 0
6 2 10189.7 -43.9356 0
6 3 9160.93 -36.958 0
6 4 8260.76 -31.1818 0
6 5 7922.85 -29.0562 0
6 6 8342.42 -31.698 0
6 7 9279.99 -37.7403 0
6 8 10296.9 -44.6977 0
6 9 11031.6 -50.1748 0
7 0 10597.5 -46.8808 0
7 1 11206 -51.5554 0
7 2 11277.5 -52.1326 0
7 3 10793.1 -48.342 0
7 4 9879.85 -41.7758 0
7 5 8819.65 -34.7426 0
7 6 8035.3 -29.7619 0
7 7 7935.78 -29.1373 0
7 8 8580.98 -33.2133 0
7 9 9616.28 -39.9815 0
8 0 12402.3 -62.4217 0
8 1 13230.9 -73.1091 0
8 2 12870.3 -67.8611 0
8 3 11364.6 -52.8446 0
8 4 8921.27 -35.3984 0
8 5 5991.82 -16.8729 0
8 6 3834.44 -1.12691 0
8 7 4906.85 -9.51479 0
8 8 7778.3 -28.1508 0
8 9 10491.2 -46.1002 0
9 0 12268.7 -61.0389 0
9 1 11009.6 -50.003 0
9 2 9046.23 -36.2092 0
9 3 6887.78 -22.5804 0
9 4 5583.94 -14.1873 0
9 5 6262.83 -18.6211 0
9 6 8276.14 -31.2789 0
9 7 10386 -45.3373 0
9 8 11928.9 -57.7555 0
9 9 12593.1 -64.5113 0
10 0 10295.2 -44.6861 0
10 1 12595.7 -64.5408 0
10 2 13675.1 -83.9128 0
10 3 13423.1 -76.6819 0
10 4 11867.5 -57.1921 0
10 5 9170.13 -37.0183 0
10 6 5616.54 -14.4048 0
10 7 1786.15 27.6211 444
10 8 3147.45 5.48804 0
10 9 7012.67 -23.3638 0
11 0 11808.8 -56.6606 0
11 1 12942.6 -68.8151 0
11 2 12955.4 -68.9871 0
11 3 11844.1 -56.9793 0
11 4 9768.48 -41.0132 0
11 5 7101.68 -23.9213 0
11 6 4735.8 -8.27585 0
11 7 4698.22 -7.99974 0
11 8 7039.75 -23.5335 0
11 9 9715.76 -40.6545 0
12 0 11184.4 -51.3824 0
12 1 10304.2 -44.7499 0
12 2 9110.3 -36.6269 0
12 3 8025.19 -29.6984 0
12 4 7582.85 -26.9287 0
12 5 8056.63 -29.896 0
12 6 9154.88 -36.9184 0
12 7 10344.7 -45.0405 0
12 8 11208.6 -51.5768 0
12 9 11512.2 -54.0765 0
13 0 5486.78 -13.5354 0
13 1 8460.86 -32.4488 0
13 2 11047.7 -50.3012 0
13 3 12734.2 -66.1624 0
13 4 13288.5 -74.0971 0
13 5 12646 -65.1194 0
13 6 10888.8 -49.0701 0
13 7 8258.49 -31.1674 0
13 8 5294.81 -12.231 0
13 9 3670.17 0.333062 0
14 0 10179.1 -43.8613 0
14 1 12527.4 -63.775 0
14 2 13660.7 -83.291 0
14 3 13463.5 -77.5583 0
14 4 11957.9 -58.024 0
14 5 9300.26 -37.874 0
14 6 5769.67 -15.4195 0
14 7 1900.89 24.7192 495
14 8 2975.09 7.41281 0
14 9 6859.46 -22.4024 0
15 0 11733.7 -55.9915 0
15 1 13337.9 -74.9959 0
15 2 13653.9 -83.0156 0
15 3 12648.1 -65.1439 0
15 4 10426.8 -45.6322 0
15 5 7230.72 -24.7285 0
15 6 3484.74 2.06323 0
15 7 1892.96 24.9085 54
15 8 5471.56 -13.4328 0
15 9 9009.21 -35.9684 0
16 0 6269.49 -18.6637 0
16 1 9721.6 -40.6941 0
16 2 12244.1 -60.7909 0
16 3 13575.6 -80.3937 0
16 4 13584.1 -80.6446 0
16 5 12273.8 -61.0907 0
16 6 9776.81 -41.07 0
16 7 6345.1 -19.1473 0
16 8 2406.3 15.031 0
16 9 2327.67 16.2991 0
17 0 12543.1 -63.9499 0
17 1 11665.7 -55.3948 0
17 2 9955.06 -42.2947 0
17 3 7778.56 -28.1524 0
17 4 5921.6 -16.4157 0
17 5 5697.84 -14.945 0
17 6 7326.54 -25.3274 0
17 7 9520.94 -39.341 0
17 8 11369.4 -52.8847 0
17 9 12439.1 -62.8143 0
18 0 5090.24 -10.8135 0
18 1 7154.87 -24.2542 0
18 2 9656.47 -40.2528 0
18 3 11659.9 -55.3439 0
18 4 12766.1 -66.5501 0
18 5 12809.2 -67.0844 0
18 6 11785.3 -56.4506 0
18 7 9846.73 -41.5482 0
18 8 7363.85 -25.5605 0
18 9 5203.03 -11.5988 0
19 0 7141.11 -24.1681 0
19 1 8514.13 -32.7875 0
19 2 10131 -43.5218 0
19 3 11396 -53.1042 0
19 4 11990.7 -58.3306 0
19 5 11794.9 -56.5361 0
19 6 10849.3 -48.7689 0
19 7 9362.29 -38.2843 0
19 8 7771.23 -28.1065 0
19 9 6810.08 -22.0919 0
20 0 5766.67 -15.3998 0
20 1 7881.76 -28.7987 0
20 2 10177.2 -43.8479 0
20 3 11904.7 -57.5328 0
20 4 12727 -66.0759 0
20 5 12517.7 -63.6678 0
20 6 11310.5 -52.4011 0
20 7 9304.88 -37.9045 0
20 8 6956.85 -23.0138 0
20 9 5292.82 -12.2174 0
21 0 10822 -48.5613 0
21 1 10899.1 -49.1493 0
21 2 10554.5 -46.5642 0
21 3 9886.61 -41.8223 0
21 4 9113.95 -36.6508 0
21 5 8542.74 -32.9696 0
21 6 8445.68 -32.3524 0
21 7 8873.65 -35.0907 0
21 8 9611.57 -39.9498 0
21 9 10345.8 -45.0481 0
22 0 7308.26 -25.2131 0
22 1 8834.77 -34.8399 0
22 2 10449.9 -45.8002 0
22 3 11614.9 -54.9541 0
22 4 12055.9 -58.948 0
22 5 11687.9 -55.5882 0
22 6 10585.4 -46.7916 0
22 7 8999.38 -35.9046 0
22 8 7432.94 -25.9921 0
22 9 6686 -21.3102 0
23 0 9554.31 -39.5647 0
23 1 6409.71 -19.5592 0
23 2 3396.28 2.92365 0
23 3 3731.76 -0.221775 0
23 4 6876.83 -22.5116 0
23 5 9942.44 -42.2074 0
23 6 12206.7 -60.4165 0
23 7 13365.6 -75.5232 0
23 8 13279.7 -73.9426 0
23 9 11956.7 -58.0131 0
24 0 11490.5 -53.8936 0
24 1 9730.21 -40.7527 0
24 2 7579.78 -26.9095 0
24 3 5881.01 -16.1505 0
24 4 5899.18 -16.2693 0
24 5 7614.11 -27.124 0
24 6 9761.41 -40.965 0
24 7 11512.4 -54.0785 0
24 8 12468.5 -63.1305 0
24 9 12460.3 -63.0425 0
25 0 6439.12 -19.7464 0
25 1 3904.4 -1.73046 0
25 2 4420.66 -5.91038 0
25 3 7258.72 -24.9035 0
25 4 10097.4 -43.2861 0
25 5 12188.1 -60.2323 0
25 6 13220.4 -72.9335 0
25 7 13061.9 -70.4823 0
25 8 11727.7 -55.9384 0
25 9 9390.53 -38.4716 0
26 0 11560.8 -54.49 0
26 1 12936.7 -68.7352 0
26 2 13167.6 -72.082 0
26 3 12223 -60.579 0
26 4 10228.9 -44.2136 0
26 5 7497.84 -26.3975 0
26 6 4752.16 -8.39561 0
26 7 4066.21 -3.08908 0
26 8 6358.82 -19.2348 0
26 9 9229.06 -37.405 0
27 0 11577.1 -54.6292 0
27 1 12132.5 -59.6866 0
27 2 11849.6 -57.0294 0
27 3 10781.7 -48.2558 0
27 4 9163.43 -36.9744 0
27 5 7478.77 -26.2784 0
27 6 6542.19 -20.4008 0
27 7 7041.1 -23.542 0
27 8 8585.04 -33.2392 0
27 9 10293.8 -44.6756 0
28 0 4417.75 -5.88796 0
28 1 8175.56 -30.6444 0
28 2 11177 -51.3238 0
28 3 13096.3 -70.9896 0
28 4 13740.6 -89.1091 0
28 5 13050.2 -70.3136 0
28 6 11096.1 -50.6814 0
28 7 8071.58 -29.99 0
28 8 4300.43 -4.97473 0
28 9 1024.53 76.4717 263
29 0 12914.6 -68.4405 0
29 1 13699.3 -85.142 0
29 2 13155.2 -71.887 0
29 3 11336.4 -52.613 0
29 4 8433.69 -32.2764 0
29 5 4778.14 -8.58518 0
29 6 1407.83 40.9629 288
29 7 4066.99 -3.09556 0
29 8 7811.21 -28.3568 0
29 9 10881.8 -49.0166 0
30 0 9993.65 -42.5623 0
30 1 12066.9 -59.0532 0
30 2 13115.8 -71.2821 0
30 3 12999.1 -69.5882 0
30 4 11733.8 -55.9921 0
30 5 9495.78 -39.1727 0
30 6 6673.51 -21.2314 0
30 7 4258.56 -4.64403 0
30 8 4592.2 -7.21239 0
30 9 7232.63 -24.7404 0
31 0 10801.1 -48.4024 0
31 1 8452.24 -32.3941 0
31 2 5935.16 -16.5042 0
31 3 4675.61 -7.83283 0
31 4 6034.94 -17.1527 0
31 5 8561.69 -33.0904 0
31 6 10884.6 -49.0382 0
31 7 12439.4 -62.8174 0
31 8 12968.7 -69.1685 0
31 9 12394.7 -62.3415 0
32 0 4987.28 -10.0879 0
32 1 4859.7 -9.17608 0
32 2 7046.35 -23.5749 0
32 3 9642.99 -40.1617 0
32 4 11705.5 -55.7433 0
32 5 12844.8 -67.5342 0
32 6 12895.8 -68.1935 0
32 7 11849.3 -57.0267 0
32 8 9853.82 -41.5969 0
32 9 7276.33 -25.0136 0
33 0 4437.93 -6.04314 0
33 1 1262.29 49.0534 247
33 2 4382.23 -5.61349 0
33 3 8109.49 -30.2284 0
33 4 11109.2 -50.785 0
33 5 13045.3 -70.242 0
33 6 13722.7 -86.7329 0
33 7 13071.2 -70.6184 0
33 8 11151.7 -51.1221 0
33 9 8160.55 -30.5498 0
34 0 9592.78 -39.8232 0
34 1 9477.64 -39.0515 0
34 2 9468.49 -38.9905 0
34 3 9567.83 -39.6555 0
34 4 9735.13 -40.7861 0
34 5 9906.08 -41.9564 0
34 6 10017.7 -42.7297 0
34 7 10029.1 -42.8087 0
34 8 9934.59 -42.1531 0
34 9 9768.09 -41.0105 0
35 0 12855.9 -67.6756 0
35 1 12604.1 -64.6373 0
35 2 11312 -52.4135 0
35 3 9185.27 -37.1175 0
35 4 6692.15 -21.349 0
35 5 4930.36 -9.6829 0
35 6 5541.75 -13.9048 0
35 7 7847.19 -28.5821 0
35 8 10254.6 -44.396 0
35 9 12031.9 -58.7196 0
36 0 12525.5 -63.7544 0
36 1 12500.4 -63.4784 0
36 2 11496.7 -53.9454 0
36 3 9686.07 -40.4531 0
36 4 7476.44 -26.2639 0
36 5 5734.23 -15.1857 0
36 6 5789.16 -15.5479 0
36 7 7587.73 -26.9591 0
36 8 9793.04 -41.1808 0
36 9 11569 -54.5594 0
37 0 11078.9 -50.546 0
37 1 8040.22 -29.7929 0
37 2 4261.6 -4.66809 0
37 3 1031 74.8264 258
37 4 4454.48 -6.17001 0
37 5 8201.7 -30.8091 0
37 6 11193.3 -51.4541 0
37 7 13108.2 -71.1677 0
37 8 13748.8 -90 0
37 9 13048.6 -70.2897 0
38 0 5046.73 -10.5079 0
38 1 2464.64 14.1319 0
38 2 4549.01 -6.88798 0
38 3 7981.77 -29.4258 0
38 4 10891.2 -49.0889 0
38 5 12825.3 -67.2862 0
38 6 13561.3 -79.9896 0
38 7 13016.9 -69.8379 0
38 8 11246.7 -51.8835 0
38 9 8454.01 -32.4053 0
39 0 8150.25 -30.4849 0
39 1 6145.86 -17.8695 0
39 2 5571.27 -14.1025 0
39 3 6984.55 -23.1875 0
39 4 9174.85 -37.0492 0
39 5 11122.4 -50.8891 0
39 6 12343.3 -61.8044 0
39 7 12617.2 -64.7868 0
39 8 11896.1 -57.4535 0
39 9 10298.6 -44.7103 0
40 0 9600.68 -39.8764 0
40 1 6252.49 -18.5548 0
40 2 2726.1 10.4668 0
40 3 3047.29 6.58983 0
40 4 6625.1 -20.9256 0
40 5 9899.22 -41.9091 0
40 6 12289 -61.2456 0
40 7 13519.2 -78.8785 0
40 8 13454.4 -77.3576 0
40 9 12099.4 -59.3654 0
41 0 10258 -44.4204 0
41 1 12583 -64.3974 0
41 2 13684.7 -84.3678 0
41 3 13451.2 -77.2872 0
41 4 11908.5 -57.5671 0
41 5 9215.41 -37.3153 0
41 6 5650.82 -14.633 0
41 7 1730.75 29.163 478
41 8 3035.99 6.71703 0
41 9 6947.68 -22.9563 0
42 0 6581.48 -20.6497 0
42 1 8259.15 -31.1716 0
42 2 10167.3 -43.778 0
42 3 11632.5 -55.1061 0
42 4 12321.6 -61.5798 0
42 5 12110.8 -59.4759 0
42 6 11039.3 -50.2355 0
42 7 9316.85 -37.9836 0
42 8 7404.83 -25.8165 0
42 9 6181.16 -18.0968 0
43 0 12632.8 -64.9663 0
43 1 10672.7 -47.4387 0
43 2 7807.39 -28.3329 0
43 3 4580.23 -7.1227 0
43 4 3041.03 6.66021 0
43 5 5493.73 -13.5822 0
43 6 8705.89 -34.0118 0
43 7 11346.4 -52.6955 0
43 8 12991.8 -69.4864 0
43 9 13437.3 -76.984 0
44 0 11905.3 -57.5377 0
44 1 13283.2 -74.0039 0
44 2 13416.2 -76.538 0
44 3 12288.3 -61.2386 0
44 4 10030.6 -42.8196 0
44 5 6936.51 -22.8862 0
44 6 3671.12 0.324428 0
44 7 3145.41 5.51008 0
44 8 6228.63 -18.4017 0
44 9 9442.57 -38.8177 0
45 0 12920.9 -68.5242 0
45 1 10898.8 -49.1473 0
45 2 7839.35 -28.533 0
45 3 4109.1 -3.44112 0
45 4 1449.48 39.0717 184
45 5 4762.48 -8.47101 0
45 6 8412.51 -32.142 0
45 7 11317.6 -52.4595 0
45 8 13142.7 -71.6924 0
45 9 13695.5 -84.9275 0
46 0 7328.35 -25.3386 0
46 1 8235.29 -31.021 0
46 2 9610.02 -39.9393 0
46 3 10857.6 -48.8317 0
46 4 11604.1 -54.8606 0
46 5 11675.3 -55.4785 0
46 6 11057.5 -50.3777 0
46 7 9890.78 -41.851 0
46 8 8501.72 -32.7085 0
46 9 7443.89 -26.0605 0
47 0 12277.7 -61.1302 0
47 1 9847.95 -41.5566 0
47 2 6512.84 -20.2147 0
47 3 2812.71 9.363 0
47 4 2575.12 12.516 0
47 5 6244.81 -18.5055 0
47 6 9626.96 -40.0535 0
47 7 12134.9 -59.71 0
47 8 13485.2 -78.0556 0
47 9 13534 -79.2569 0
48 0 8580.59 -33.2108 0
48 1 8346.85 -31.726 0
48 2 8684.61 -33.8756 0
48 3 9415.87 -38.6399 0
48 4 10212.9 -44.1 0
48 5 10789.4 -48.3141 0
48 6 10972.7 -49.717 0
48 7 10711 -47.7247 0
48 8 10075 -43.1293 0
48 9 9262.42 -37.6245 0
49 0 12495.3 -63.4222 0
49 1 10138.8 -43.5769 0
49 2 6813.03 -22.1105 0
49 3 2925.39 7.99441 0
49 4 1915.37 24.3775 35
49 5 5791.95 -15.5662 0
49 6 9316.87 -37.9837 0
49 7 11966.1 -58.101 0
49 8 13458.5 -77.448 0
49 9 13640.6 -82.5069 0
50 0 11914.8 -57.6255 0
50 1 10274.5 -44.5382 0
50 2 8068.47 -29.9704 0
50 3 6002.75 -16.9439 0
50 4 5428.13 -13.1393 0
50 5 6918.17 -22.7711 0
50 6 9176.67 -37.0611 0
50 7 11166.5 -51.2395 0
50 8 12402.1 -62.4202 0
50 9 12665 -65.3402 0
51 0 11279.2 -52.1467 0
51 1 10477.6 -46.0011 0
51 2 9311.21 -37.9464 0
51 3 8172.5 -30.6251 0
51 4 7593.67 -26.9962 0
51 5 7924.25 -29.065 0
51 6 8956.85 -35.6287 0
51 7 10164.9 -43.761 0
51 8 11102.1 -50.7288 0
51 9 11505.5 -54.0202 0
52 0 6426.45 -19.6658 0
52 1 8296.49 -31.4075 0
52 2 10315.4 -44.8299 0
52 3 11815.9 -56.7247 0
52 4 12480.5 -63.2605 0
52 5 12196.9 -60.3195 0
52 6 11015 -50.0453 0
52 7 9157.16 -36.9333 0
52 8 7113.98 -23.9983 0
52 9 5860.09 -16.0136 0
53 0 11465.9 -53.6866 0
53 1 10288.6 -44.6389 0
53 2 8723.08 -34.122 0
53 3 7317.37 -25.2701 0
53 4 6842.93 -22.2985 0
53 5 7647.13 -27.3304 0
53 6 9168.63 -37.0084 0
53 7 10669.9 -47.4177 0
53 8 11680.5 -55.5234 0
53 9 11964.7 -58.088 0
54 0 11899.9 -57.4879 0
54 1 9606.72 -39.917 0
54 2 6632.68 -20.9735 0
54 3 3896.43 -1.66221 0
54 4 4104.49 -3.40342 0
54 5 6949.28 -22.9664 0
54 6 9876.35 -41.7517 0
54 7 12077.3 -59.1525 0
54 8 13219.4 -72.9178 0
54 9 13157.4 -71.9212 0
55 0 10419.4 -45.5789 0
55 1 12626.1 -64.8892 0
55 2 13625.8 -81.9775 0
55 3 13312.5 -74.5281 0
55 4 11721.2 -55.8808 0
55 5 9024.7 -36.0691 0
55 6 5540.69 -13.8977 0
55 7 2110.5 20.2046 367
55 8 3575.62 1.20354 0
55 9 7249.55 -24.8462 0
56 0 4669.08 -7.78458 0
56 1 4013.54 -2.6523 0
56 2 6370.73 -19.3108 0
56 3 9265.03 -37.6417 0
56 4 11598.6 -54.8134 0
56 5 12965.5 -69.1251 0
56 6 13185.1 -72.3602 0
56 7 12227.6 -60.625 0
56 8 10212.6 -44.0982 0
56 9 7449.2 -26.0937 0
57 0 9873.72 -41.7336 0
57 1 8265.25 -31.2101 0
57 2 7027.33 -23.4557 0
57 3 6922.52 -22.7985 0
57 4 8028.64 -29.7201 0
57 5 9626.44 -40.05 0
57 6 11037.5 -50.2213 0
57 7 11866.9 -57.1864 0
57 8 11930.7 -57.7723 0
57 9 11215 -51.6275 0
58 0 4201.38 -4.18807 0
58 1 1148.49 58.0935 230
58 2 4562.6 -6.99032 0
58 3 8286.18 -31.3423 0
58 4 11247.3 -51.8879 0
58 5 13126 -71.4364 0
58 6 13735.3 -88.0784 0
58 7 13012.2 -69.7717 0
58 8 11024.3 -50.118 0
58 9 7973.46 -29.3737 0
59 0 6639.73 -21.0181 0
59 1 7131.93 -24.1106 0
59 2 8633.58 -33.5491 0
59 3 10296.7 -44.6967 0
59 4 11543.9 -54.3452 0
59 5 12079.2 -59.171 0
59 6 11797.9 -56.5635 0
59 7 10752.9 -48.0391 0
59 8 9173.12 -37.0379 0
59 9 7536.76 -26.6407 0
60 0 12231.4 -60.6634 0
60 1 13394.3 -76.0911 0
60 2 13300.3 -74.308 0
60 3 11958.7 -58.0318 0
60 4 9526.86 -39.3807 0
60 5 6335.53 -19.0861 0
60 6 3224.31 4.67124 0
60 7 3587.14 1.09617 0
60 8 6831.79 -22.2285 0
60 9 9945.41 -42.2279 0
61 0 8280.73 -31.3079 0
61 1 10915.7 -49.277 0
61 2 12671.2 -65.4126 0
61 3 13300.7 -74.3158 0
61 4 12727.7 -66.0844 0
61 5 11027.6 -50.1439 0
61 6 8435.04 -32.2849 0
61 7 5458.41 -13.344 0
61 8 3653.68 0.483237 0
61 9 5306.34 -12.31 0
62 0 12131.4 -59.6758 0
62 1 13408.9 -76.3876 0
62 2 13415.4 -76.5219 0
62 3 12149.1 -59.8481 0
62 4 9752.85 -40.9066 0
62 5 6527.58 -20.3082 0
62 6 3169.43 5.25201 0
62 7 3135.83 5.61369 0
62 8 6489.97 -20.0696 0
62 9 9725.54 -40.7209 0
63 0 12066 -59.0439 0
63 1 10145.2 -43.6218 0
63 2 7564.28 -26.8126 0
63 3 5093.25 -10.8346 0
63 4 4586.31 -7.16831 0
63 5 6657.29 -21.129 0
63 6 9323.29 -38.0262 0
63 7 11517.1 -54.1179 0
63 8 12805.7 -67.0408 0
63 9 12997 -69.559 0
64 0 5799.01 -15.6127 0
64 1 6533.87 -20.3481 0
64 2 8472.86 -32.5251 0
64 3 10476.6 -45.9942 0
64 4 11919 -57.6644 0
64 5 12507.2 -63.5524 0
64 6 12142.4 -59.7823 0
64 7 10883.9 -49.0328 0
64 8 8971.77 -35.7254 0
64 9 6933.32 -22.8662 0
65 0 8963.06 -35.669 0
65 1 7298.51 -25.1522 0
65 2 6495.69 -20.1059 0
65 3 7164.53 -24.3146 0
65 4 8783.48 -34.5098 0
65 5 10478 -46.0046 0
65 6 11698.3 -55.6798 0
65 7 12165.9 -60.0132 0
65 8 11787 -56.4653 0
65 9 10633.2 -47.145 0
66 0 5488.85 -13.5493 0
66 1 9029.35 -36.0994 0
66 2 11752.1 -56.1546 0
66 3 13348.8 -75.2009 0
66 4 13655 -83.0607 0
66 5 12644.5 -65.1014 0
66 6 10422.2 -45.5989 0
66 7 7220.54 -24.6649 0
66 8 3460.89 2.29286 0
66 9 1886.96 25.053 50
67 0 12418.9 -62.5979 0
67 1 13626.2 -81.9914 0
67 2 13506 -78.5533 0
67 3 12069.2 -59.0748 0
67 4 9462.83 -38.9527 0
67 5 5959.77 -16.6645 0
67 6 2032.73 21.7791 530
67 7 2710.63 10.6692 0
67 8 6633.84 -20.9808 0
67 9 10006 -42.6482 0
68 0 9670.68 -40.3489 0
68 1 10627.3 -47.1008 0
68 2 11204.4 -51.5429 0
68 3 11246 -51.8779 0
68 4 10742.7 -47.9618 0
68 5 9829.01 -41.4268 0
68 6 8789.54 -34.5488 0
68 7 8043.28 -29.8121 0
68 8 7982.5 -29.4304 0
68 9 8644.42 -33.6184 0
69 0 13068.1 -70.5732 0
69 1 11316.1 -52.4469 0
69 2 8522.02 -32.8377 0
69 3 5067.88 -10.6567 0
69 4 2274.31 17.2002 0
69 5 4342.91 -5.30763 0
69 6 7843.12 -28.5566 0
69 7 10813.2 -48.494 0
69 8 12803.2 -67.0098 0
69 9 13582.6 -80.6002 0
70 0 9725.08 -40.7178 0
70 1 6428.62 -19.6796 0
70 2 2938.16 7.84373 0
70 3 2998 7.14887 0
70 4 6496.34 -20.11 0
70 5 9775.02 -41.0578 0
70 6 12196.1 -60.3116 0
70 7 13473.1 -77.7762 0
70 8 13463.9 -77.5678 0
70 9 12167.3 -60.0271 0
71 0 7913.43 -28.9971 0
71 1 10225.5 -44.1894 0
71 2 11954 -57.9883 0
71 3 12764.6 -66.5319 0
71 4 12531.4 -63.8193 0
71 5 11293.6 -52.2635 0
71 6 9258.48 -37.5986 0
71 7 6887.97 -22.5815 0
71 8 5228.23 -11.773 0
71 9 5755.48 -15.326 0
72 0 5873.99 -16.1046 0
72 1 8737.1 -34.212 0
72 2 11195.7 -51.4733 0
72 3 12757 -66.4389 0
72 4 13200 -72.6 0
72 5 12472.2 -63.171 0
72 6 10669.9 -47.4174 0
72 7 8058.36 -29.9069 0
72 8 5241.97 -11.8678 0
72 9 3980.19 -2.37309 0
73 0 4274.65 -4.77138 0
73 1 1728.41 29.2305 151
73 2 4782.73 -8.61866 0
73 3 8384.47 -31.9642 0
73 4 11272.8 -52.0942 0
73 5 13098.2 -71.0168 0
73 6 13670.5 -83.711 0
73 7 12928.7 -68.6283 0
73 8 10944.7 -49.5 0
73 9 7930.42 -29.1037 0
74 0 8744.11 -34.2569 0
74 1 11107.4 -50.7707 0
74 2 12628.8 -64.9205 0
74 3 13074.7 -70.6689 0
74 4 12385.9 -62.2493 0
74 5 10661.5 -47.3552 0
74 6 8177.27 -30.6552 0
74 7 5549.52 -13.9569 0
74 8 4387.34 -5.65305 0
74 9 6057.02 -17.2958 0
75 0 6513.37 -20.218 0
75 1 7573.8 -26.8721 0
75 2 9312.37 -37.954 0
75 3 10919.5 -49.3058 0
75 4 11935.8 -57.8196 0
75 5 12149.3 -59.8501 0
75 6 11521.4 -54.1547 0
75 7 10173 -43.8181 0
75 8 8424.03 -32.2151 0
75 9 6900.92 -22.6629 0
76 0 4626.9 -7.47149 0
76 1 8235.37 -31.0215 0
76 2 11164.3 -51.2219 0
76 3 13041.9 -70.1932 0
76 4 13667.6 -83.5842 0
76 5 12981.4 -69.3428 0
76 6 11056.2 -50.3674 0
76 7 8095.13 -30.138 0
76 8 4473.71 -6.31695 0
76 9 1774.06 27.949 152
77 0 6817.89 -22.1411 0
77 1 4891.02 -9.40126 0
77 2 5346.03 -12.5813 0
77 3 7658.49 -27.4014 0
77 4 10128.9 -43.5071 0
77 5 11985.2 -58.2789 0
77 6 12892.6 -68.151 0
77 7 12715.6 -65.9386 0
77 8 11475 -53.7633 0
77 9 9362.12 -38.2832 0
78 0 5425.86 -13.1239 0
78 1 7743.7 -27.9343 0
78 2 10192.9 -43.9588 0
78 3 12016.3 -58.5719 0
78 4 12882.8 -68.0234 0
78 5 12667.9 -65.3748 0
78 6 11404.3 -53.1731 0
78 7 9286.5 -37.7832 0
78 8 6760.58 -21.7804 0
78 9 4898.46 -9.45464 0
79 0 8813.46 -34.7027 0
79 1 10761.8 -48.1058 0
79 2 12084.4 -59.2204 0
79 3 12519.2 -63.6849 0
79 4 11993.9 -58.3608 0
79 5 10601.8 -46.9121 0
79 6 8623.13 -33.4823 0
79 7 6647.49 -21.067 0
79 8 5780.88 -15.4934 0
79 9 6797.46 -22.0126 0
80 0 7476.77 -26.2659 0
80 1 3619.97 0.792322 0
80 2 1278.98 47.9758 158
80 3 5085.86 -10.7828 0
80 4 8744.54 -34.2597 0
80 5 11580.4 -54.6572 0
80 6 13299.6 -74.2959 0
80 7 13728.6 -87.2765 0
80 8 12819.7 -67.2159 0
80 9 10662.1 -47.3593 0
81 0 6959.59 -23.031 0
81 1 10267.8 -44.4902 0
81 2 12588.9 -64.4641 0
81 3 13684.3 -84.3471 0
81 4 13446 -77.1729 0
81 5 11902.8 -57.5148 0
81 6 9210.16 -37.2808 0
81 7 5643.14 -14.5819 0
81 8 1722.64 29.3978 477
81 9 3049.4 6.56618 0
82 0 12550.9 -64.0365 0
82 1 12630.4 -64.9387 0
82 2 11696.2 -55.6616 0
82 3 9900.61 -41.9187 0
82 4 7619.01 -27.1546 0
82 5 5669.78 -14.7589 0
82 6 5491.21 -13.5653 0
82 7 7269.65 -24.9718 0
82 8 9570.74 -39.675 0
82 9 11471.1 -53.73 0
83 0 12052.6 -58.9162 0
83 1 11858.3 -57.1084 0
83 2 10885.9 -49.0485 0
83 3 9346.58 -38.1803 0
83 4 7688.52 -27.5892 0
83 5 6674.55 -21.238 0
83 6 7014.18 -23.3733 0
83 7 8444.12 -32.3425 0
83 8 10121.2 -43.4529 0
83 9 11431.9 -53.4023 0
84 0 9407.93 -38.5872 0
84 1 11993.3 -58.3554 0
84 2 13435.9 -76.9549 0
84 3 13582.8 -80.6063 0
84 4 12421.1 -62.6218 0
84 5 10076.1 -43.1371 0
84 6 6806 -22.0663 0
84 7 3107.76 5.91944 0
84 8 2361.81 15.7403 0
84 9 5974.79 -16.7622 0
85 0 10836.2 -48.6688 0
85 1 7741.85 -27.9227 0
85 2 3984.21 -2.40685 0
85 3 1442.74 39.3675 173
85 4 4876.98 -9.30042 0
85 5 8522.86 -32.843 0
85 6 11404.1 -53.1717 0
85 7 13197.5 -72.56 0
85 8 13714 -86.0663 0
85 9 12898.8 -68.2324 0
86 0 4646.68 -7.61852 0
86 1 8375.31 -31.9062 0
86 2 11323.8 -52.51 0
86 3 13175 -72.1987 0
86 4 13743.2 -90 0
86 5 12976.5 -69.2755 0
86 6 10953.3 -49.5665 0
86 7 7874.11 -28.7507 0
86 8 4071.64 -3.13383 0
86 9 1063.11 68.5943 226
87 0 4701.77 -8.02587 0
87 1 8386.26 -31.9756 0
87 2 11314 -52.4296 0
87 3 13154.2 -71.8711 0
87 4 13718.8 -86.4183 0
87 5 12955.7 -68.9918 0
87 6 10943.8 -49.4931 0
87 7 7886.66 -28.8293 0
87 8 4135.46 -3.65596 0
87 9 1332.38 44.8192 197
88 0 10331.7 -44.9473 0
88 1 10507 -46.2161 0
88 2 10401 -45.4461 0
88 3 10045.9 -42.926 0
88 4 9560.32 -39.6051 0
88 5 9125.79 -36.7281 0
88 6 8925.23 -35.424 0
88 7 9050.28 -36.2356 0
88 8 9442.27 -38.8157 0
88 9 9931.62 -42.1326 0
89 0 6776.2 -21.8787 0
89 1 10044.4 -42.9153 0
89 2 12395.6 -62.3512 0
89 3 13563.8 -80.059 0
89 4 13427.8 -76.7822 0
89 5 12006.5 -58.4795 0
89 6 9451.13 -38.8747 0
89 7 6052.92 -17.2692 0
89 8 2493.41 13.7005 0
89 9 3123.25 5.75024 0
90 0 8777.53 -34.4716 0
90 1 8040.89 -29.7971 0
90 2 7993.71 -29.5008 0
90 3 8662.65 -33.735 0
90 4 9685.09 -40.4465 0
90 5 10631.6 -47.1332 0
90 6 11199.9 -51.5071 0
90 7 11237.2 -51.8067 0
90 8 10731.4 -47.8775 0
90 9 9815.49 -41.3343 0
91 0 12072.3 -59.105 0
91 1 9505.46 -39.2374 0
91 2 6057.86 -17.3012 0
91 3 2300.03 16.7617 0
91 4 2847.61 8.93132 0
91 5 6633.98 -20.9817 0
91 6 9965.85 -42.3694 0
91 7 12369.1 -62.0729 0
91 8 13582.9 -80.6075 0
91 9 13480.1 -77.937 0
92 0 9779.82 -41.0905 0
92 1 9956.17 -42.3024 0
92 2 10053.7 -42.9803 0
92 3 10036.3 -42.8589 0
92 4 9910.35 -41.9858 0
92 5 9722.57 -40.7007 0
92 6 9543.83 -39.4944 0
92 7 9443.49 -38.8238 0
92 8 9461.54 -38.9441 0
92 9 9590.71 -39.8093 0
93 0 11823.4 -56.7925 0
93 1 9327.49 -38.0539 0
93 2 6103.83 -17.5984 0
93 3 3094.72 6.06265 0
93 4 3809.91 -0.912877 0
93 5 7079.82 -23.7844 0
93 6 10141.1 -43.5932 0
93 7 12353.7 -61.912 0
93 8 13430.7 -76.8423 0
93 9 13246.6 -73.3729 0
94 0 11586.8 -54.7122 0
94 1 10880.6 -49.0076 0
94 2 9672.97 -40.3644 0
94 3 8322.72 -31.5734 0
94 4 7401.76 -25.7973 0
94 5 7459.1 -26.1555 0
94 6 8455.42 -32.4143 0
94 7 9814.53 -41.3277 0
94 8 10983.6 -49.8015 0
94 9 11624.2 -55.0344 0
95 0 6615.16 -20.8627 0
95 1 9007.55 -35.9577 0
95 2 11128.1 -50.9347 0
95 3 12469.5 -63.1411 0
95 4 12806.4 -67.0493 0
95 5 12092.5 -59.2983 0
95 6 10438.6 -45.7178 0
95 7 8145.79 -30.4569 0
95 8 5885.93 -16.1827 0
95 9 5099.33 -10.8772 0
96 0 13027.2 -69.9843 0
96 1 13500 -78.4083 0
96 2 12703.3 -65.7917 0
96 3 10725.6 -47.8338 0
96 4 7811.31 -28.3574 0
96 5 4465.55 -6.25468 0
96 6 2724.12 10.4927 0
96 7 5314.73 -12.3674 0
96 8 8632.82 -33.5443 0
96 9 11338.7 -52.6323 0
97 0 6143.94 -17.8571 0
97 1 9233.46 -37.4339 0
97 2 11684 -55.5544 0
97 3 13110.2 -71.1972 0
97 4 13335.7 -74.9553 0
97 5 12338.6 -61.7552 0
97 6 10240.3 -44.2945 0
97 7 7327.66 -25.3344 0
97 8 4272.89 -4.75745 0
97 9 3486.63 2.04511 0
98 0 12277.4 -61.1272 0
98 1 10152.2 -43.6714 0
98 2 7229.74 -24.7223 0
98 3 4214.41 -4.29244 0
98 4 3566.2 1.29152 0
98 5 6245.33 -18.5088 0
98 6 9306.02 -37.9121 0
98 7 11722.2 -55.89 0
98 8 13114.6 -71.2636 0
98 9 13306.9 -74.4259 0
99 0 6451.85 -19.8273 0
99 1 2999.58 7.13083 0
99 2 3044.79 6.61789 0
99 3 6505.4 -20.1675 0
99 4 9769.82 -41.0223 0
99 5 12181.1 -60.1626 0
99 6 13453.9 -77.345 0
99 7 13448.8 -77.2334 0
99 8 12161.7 -59.9715 0
99 9 9731.02 -40.7582 0
