40.094 77.129 628
-17.703 -74.679 460
-41.505 -160.177 3709
15.798 -160.009 4886
28.231 -24.926 5348
48.150 132.780 3496
-20.165 -90.599 1411
-10.517 -72.234 4885
-38.675 -40.610 1063
-36.721 114.468 1216
-6.261 5.091 3426
-28.031 -41.166 2651
-18.918 104.360 3809
44.075 -43.820 5327
-4.791 -4.550 4153
-26.651 -10.902 5287
36.875 -.307 455
-41.936 -102.649 5673
47.511 71.735 4731
28.084 -74.815 4864
41.303 66.230 1424
-13.621 -83.642 5804
26.447 70.559 719
1.770 -157.121 4377
-23.632 126.358 5872
34.336 143.509 2289
-24.054 35.130 617
-24.470 65.548 4380
53.968 -2.968 210
-49.759 11.616 2244
-2.599 -32.416 1162
-13.838 -139.757 873
48.074 -114.040 64
52.768 -169.363 1876
1.773 -92.950 4902
-48.771 -78.294 455
-41.340 -73.920 4355
-17.792 177.814 3894
47.291 151.703 3578
17.379 -130.524 4129
1.211 165.792 5644
-5.765 .440 5938
33.547 71.332 1092
-44.140 146.083 5691
-29.565 -24.272 2129
-50.904 166.991 3378
26.138 -83.115 711
-37.176 166.104 1280
13.049 98.688 50
-41.445 -175.053 916
-30.503 124.709 1571
-20.273 102.338 4891
35.072 67.975 4429
-23.168 111.232 3263
-30.349 -147.272 4464
-7.883 -12.527 885
50.887 -125.147 2530
-1.808 121.226 5671
54.901 -172.245 5158
32.786 93.955 1137
-35.354 26.006 639
16.795 31.119 5743
-33.506 21.594 1133
-33.116 -134.934 5993
40.768 94.085 5672
8.686 -123.262 3491
44.183 13.201 4696
-38.855 .327 2275
1.054 -69.850 4157
-54.649 150.240 5248
-.267 -164.628 4282
20.531 46.681 5697
40.469 -44.757 5642
54.264 159.939 734
11.788 37.003 3477
34.094 -84.287 2823
52.048 20.142 3566
30.767 132.430 5973
44.488 63.417 1133
10.935 -50.318 1396
24.072 178.857 26
30.246 .831 5155
-41.895 -69.715 746
-32.517 83.525 2057
4.421 -11.578 106
-14.394 172.014 4830
51.902 2.751 5737
51.392 11.087 4665
-7.203 83.748 1400
32.009 15.092 4017
10.848 -107.095 1539
-33.462 169.718 56
-.375 86.261 5997
-29.107 -155.508 4626
-24.952 99.324 1876
33.362 -53.829 1004
-52.681 -35.786 4846
37.983 -33.825 2188
-37.100 146.255 1206
34.142 -160.394 1950
