40.094 77.129 628
-17.703 -74.679 460
-41.505 -160.177 3709
15.798 -160.009 4886
28.231 -24.926 5348
48.150 132.780 3496
-20.165 -90.599 1411
-10.517 -72.234 4885
-38.675 -40.610 1063
-36.721 114.468 1216
-6.261 5.091 3426
-28.031 -41.166 2651
-18.918 104.360 3809
44.075 -43.820 5327
-4.791 -4.550 4153
-26.651 -10.902 5287
36.875 -.307 455
-41.936 -102.649 5673
47.511 71.735 4731
28.084 -74.815 4864
41.303 66.230 1424
-13.621 -83.642 5804
26.447 70.559 719
1.770 -157.121 4377
-23.632 126.358 5872
34.336 143.509 2289
-24.054 35.130 617
-24.470 65.548 4380
53.968 -2.968 210
-49.759 11.616 2244
-2.599 -32.416 1162
-13.838 -139.757 873
48.074 -114.040 64
52.768 -169.363 1876
1.773 -92.950 4902
-48.771 -78.294 455
-41.340 -73.920 4355
-17.792 177.814 3894
47.291 151.703 3578
17.379 -130.524 4129
1.211 165.792 5644
-5.765 .440 5938
33.547 71.332 1092
-44.140 146.083 5691
-29.565 -24.272 2129
-50.904 166.991 3378
26.138 -83.115 711
-37.176 166.104 1280
13.049 98.688 50
-41.445 -175.053 916
