UNIGE_CUBESAT1
1 00001U 17021A   16303.82790574  .00000605  00000-0  72029-4 0  0016
2 00001  90.0000 000.0000 0000000 090.0000 000.0000 13.71901367460649
UNIGE_CUBESAT2
1 00002U 17021A   16303.82790574  .00000605  00000-0  72029-4 0  0017
2 00002  90.0000 000.0000 0000000 090.0000 036.0000 13.71901367460649
UNIGE_CUBESAT3
1 00003U 17021A   16303.82790574  .00000605  00000-0  72029-4 0  0018
2 00003  90.0000 000.0000 0000000 090.0000 072.0000 13.71901367460640
UNIGE_CUBESAT4
1 00004U 17021A   16303.82790574  .00000605  00000-0  72029-4 0  0019
2 00004  90.0000 000.0000 0000000 090.0000 108.0000 13.71901367460641
UNIGE_CUBESAT5
1 00005U 17021A   16303.82790574  .00000605  00000-0  72029-4 0  0010
2 00005  90.0000 000.0000 0000000 090.0000 144.0000 13.71901367460642
UNIGE_CUBESAT6
1 00006U 17021A   16303.82790574  .00000605  00000-0  72029-4 0  0011
2 00006  90.0000 000.0000 0000000 090.0000 180.0000 13.71901367460643
UNIGE_CUBESAT7
1 00007U 17021A   16303.82790574  .00000605  00000-0  72029-4 0  0012
2 00007  90.0000 000.0000 0000000 090.0000 216.0000 13.71901367460644
UNIGE_CUBESAT8
1 00008U 17021A   16303.82790574  .00000605  00000-0  72029-4 0  0013
2 00008  90.0000 000.0000 0000000 090.0000 252.0000 13.71901367460645
UNIGE_CUBESAT9
1 00009U 17021A   16303.82790574  .00000605  00000-0  72029-4 0  0014
2 00009  90.0000 000.0000 0000000 090.0000 288.0000 13.71901367460645
UNIGE_CUBESAT10
1 00010U 17021A   16303.82790574  .00000605  00000-0  72029-4 0  0016
2 00010  90.0000 000.0000 0000000 090.0000 324.0000 13.71901367460648
UNIGE_CUBESAT1
1 00011U 17021A   16303.82790574  .00000605  00000-0  72029-4 0  0017
2 00011  90.0000 003.0000 0000000 090.0000 000.0000 13.71901367460643
UNIGE_CUBESAT2
1 00012U 17021A   16303.82790574  .00000605  00000-0  72029-4 0  0018
2 00012  90.0000 003.0000 0000000 090.0000 036.0000 13.71901367460643
UNIGE_CUBESAT3
1 00013U 17021A   16303.82790574  .00000605  00000-0  72029-4 0  0019
2 00013  90.0000 003.0000 0000000 090.0000 072.0000 13.71901367460644
UNIGE_CUBESAT4
1 00014U 17021A   16303.82790574  .00000605  00000-0  72029-4 0  0010
2 00014  90.0000 003.0000 0000000 090.0000 108.0000 13.71901367460645
UNIGE_CUBESAT5
1 00015U 17021A   16303.82790574  .00000605  00000-0  72029-4 0  0011
2 00015  90.0000 003.0000 0000000 090.0000 144.0000 13.71901367460646
UNIGE_CUBESAT6
1 00016U 17021A   16303.82790574  .00000605  00000-0  72029-4 0  0012
2 00016  90.0000 003.0000 0000000 090.0000 180.0000 13.71901367460647
UNIGE_CUBESAT7
1 00017U 17021A   16303.82790574  .00000605  00000-0  72029-4 0  0013
2 00017  90.0000 003.0000 0000000 090.0000 216.0000 13.71901367460648
UNIGE_CUBESAT8
1 00018U 17021A   16303.82790574  .00000605  00000-0  72029-4 0  0014
2 00018  90.0000 003.0000 0000000 090.0000 252.0000 13.71901367460649
UNIGE_CUBESAT9
1 00019U 17021A   16303.82790574  .00000605  00000-0  72029-4 0  0015
2 00019  90.0000 003.0000 0000000 090.0000 288.0000 13.71901367460649
UNIGE_CUBESAT10
1 00020U 17021A   16303.82790574  .00000605  00000-0  72029-4 0  0017
2 00020  90.0000 003.0000 0000000 090.0000 324.0000 13.71901367460642
UNIGE_CUBESAT1
1 00021U 17021A   16303.82790574  .00000605  00000-0  72029-4 0  0018
2 00021  90.0000 007.0000 0000000 090.0000 001.0000 13.71901367460649
UNIGE_CUBESAT2
1 00022U 17021A   16303.82790574  .00000605  00000-0  72029-4 0  0019
2 00022  90.0000 007.0000 0000000 090.0000 037.0000 13.71901367460649
UNIGE_CUBESAT3
1 00023U 17021A   16303.82790574  .00000605  00000-0  72029-4 0  0010
2 00023  90.0000 007.0000 0000000 090.0000 073.0000 13.71901367460640
UNIGE_CUBESAT4
1 00024U 17021A   16303.82790574  .00000605  00000-0  72029-4 0  0011
2 00024  90.0000 007.0000 0000000 090.0000 109.0000 13.71901367460641
UNIGE_CUBESAT5
1 00025U 17021A   16303.82790574  .00000605  00000-0  72029-4 0  0012
2 00025  90.0000 007.0000 0000000 090.0000 145.0000 13.71901367460642
UNIGE_CUBESAT6
1 00026U 17021A   16303.82790574  .00000605  00000-0  72029-4 0  0013
2 00026  90.0000 007.0000 0000000 090.0000 181.0000 13.71901367460643
UNIGE_CUBESAT7
1 00027U 17021A   16303.82790574  .00000605  00000-0  72029-4 0  0014
2 00027  90.0000 007.0000 0000000 090.0000 217.0000 13.71901367460644
UNIGE_CUBESAT8
1 00028U 17021A   16303.82790574  .00000605  00000-0  72029-4 0  0015
2 00028  90.0000 007.0000 0000000 090.0000 253.0000 13.71901367460645
UNIGE_CUBESAT9
1 00029U 17021A   16303.82790574  .00000605  00000-0  72029-4 0  0016
2 00029  90.0000 007.0000 0000000 090.0000 289.0000 13.71901367460645
UNIGE_CUBESAT10
1 00030U 17021A   16303.82790574  .00000605  00000-0  72029-4 0  0018
2 00030  90.0000 007.0000 0000000 090.0000 325.0000 13.71901367460648
UNIGE_CUBESAT1
1 00031U 17021A   16303.82790574  .00000605  00000-0  72029-4 0  0019
2 00031  90.0000 010.0000 0000000 090.0000 002.0000 13.71901367460645
UNIGE_CUBESAT2
1 00032U 17021A   16303.82790574  .00000605  00000-0  72029-4 0  0010
2 00032  90.0000 010.0000 0000000 090.0000 038.0000 13.71901367460645
UNIGE_CUBESAT3
1 00033U 17021A   16303.82790574  .00000605  00000-0  72029-4 0  0011
2 00033  90.0000 010.0000 0000000 090.0000 074.0000 13.71901367460646
UNIGE_CUBESAT4
1 00034U 17021A   16303.82790574  .00000605  00000-0  72029-4 0  0012
2 00034  90.0000 010.0000 0000000 090.0000 110.0000 13.71901367460648
UNIGE_CUBESAT5
1 00035U 17021A   16303.82790574  .00000605  00000-0  72029-4 0  0013
2 00035  90.0000 010.0000 0000000 090.0000 146.0000 13.71901367460648
UNIGE_CUBESAT6
1 00036U 17021A   16303.82790574  .00000605  00000-0  72029-4 0  0014
2 00036  90.0000 010.0000 0000000 090.0000 182.0000 13.71901367460649
UNIGE_CUBESAT7
1 00037U 17021A   16303.82790574  .00000605  00000-0  72029-4 0  0015
2 00037  90.0000 010.0000 0000000 090.0000 218.0000 13.71901367460640
UNIGE_CUBESAT8
1 00038U 17021A   16303.82790574  .00000605  00000-0  72029-4 0  0016
2 00038  90.0000 010.0000 0000000 090.0000 254.0000 13.71901367460641
UNIGE_CUBESAT9
1 00039U 17021A   16303.82790574  .00000605  00000-0  72029-4 0  0017
2 00039  90.0000 010.0000 0000000 090.0000 290.0000 13.71901367460642
UNIGE_CUBESAT10
1 00040U 17021A   16303.82790574  .00000605  00000-0  72029-4 0  0019
2 00040  90.0000 010.0000 0000000 090.0000 326.0000 13.71901367460644
UNIGE_CUBESAT1
1 00041U 17021A   16303.82790574  .00000605  00000-0  72029-4 0  0010
2 00041  90.0000 014.0000 0000000 090.0000 002.0000 13.71901367460640
UNIGE_CUBESAT2
1 00042U 17021A   16303.82790574  .00000605  00000-0  72029-4 0  0011
2 00042  90.0000 014.0000 0000000 090.0000 038.0000 13.71901367460640
UNIGE_CUBESAT3
1 00043U 17021A   16303.82790574  .00000605  00000-0  72029-4 0  0012
2 00043  90.0000 014.0000 0000000 090.0000 074.0000 13.71901367460641
UNIGE_CUBESAT4
1 00044U 17021A   16303.82790574  .00000605  00000-0  72029-4 0  0013
2 00044  90.0000 014.0000 0000000 090.0000 110.0000 13.71901367460643
UNIGE_CUBESAT5
1 00045U 17021A   16303.82790574  .00000605  00000-0  72029-4 0  0014
2 00045  90.0000 014.0000 0000000 090.0000 146.0000 13.71901367460643
UNIGE_CUBESAT6
1 00046U 17021A   16303.82790574  .00000605  00000-0  72029-4 0  0015
2 00046  90.0000 014.0000 0000000 090.0000 182.0000 13.71901367460644
UNIGE_CUBESAT7
1 00047U 17021A   16303.82790574  .00000605  00000-0  72029-4 0  0016
2 00047  90.0000 014.0000 0000000 090.0000 218.0000 13.71901367460645
UNIGE_CUBESAT8
1 00048U 17021A   16303.82790574  .00000605  00000-0  72029-4 0  0017
2 00048  90.0000 014.0000 0000000 090.0000 254.0000 13.71901367460646
UNIGE_CUBESAT9
1 00049U 17021A   16303.82790574  .00000605  00000-0  72029-4 0  0018
2 00049  90.0000 014.0000 0000000 090.0000 290.0000 13.71901367460647
UNIGE_CUBESAT10
1 00050U 17021A   16303.82790574  .00000605  00000-0  72029-4 0  0010
2 00050  90.0000 014.0000 0000000 090.0000 326.0000 13.71901367460649
UNIGE_CUBESAT1
1 00051U 17021A   16303.82790574  .00000605  00000-0  72029-4 0  0011
2 00051  90.0000 018.0000 0000000 090.0000 003.0000 13.71901367460646
UNIGE_CUBESAT2
1 00052U 17021A   16303.82790574  .00000605  00000-0  72029-4 0  0012
2 00052  90.0000 018.0000 0000000 090.0000 039.0000 13.71901367460646
UNIGE_CUBESAT3
1 00053U 17021A   16303.82790574  .00000605  00000-0  72029-4 0  0013
2 00053  90.0000 018.0000 0000000 090.0000 075.0000 13.71901367460647
UNIGE_CUBESAT4
1 00054U 17021A   16303.82790574  .00000605  00000-0  72029-4 0  0014
2 00054  90.0000 018.0000 0000000 090.0000 111.0000 13.71901367460649
UNIGE_CUBESAT5
1 00055U 17021A   16303.82790574  .00000605  00000-0  72029-4 0  0015
2 00055  90.0000 018.0000 0000000 090.0000 147.0000 13.71901367460649
UNIGE_CUBESAT6
1 00056U 17021A   16303.82790574  .00000605  00000-0  72029-4 0  0016
2 00056  90.0000 018.0000 0000000 090.0000 183.0000 13.71901367460640
UNIGE_CUBESAT7
1 00057U 17021A   16303.82790574  .00000605  00000-0  72029-4 0  0017
2 00057  90.0000 018.0000 0000000 090.0000 219.0000 13.71901367460641
UNIGE_CUBESAT8
1 00058U 17021A   16303.82790574  .00000605  00000-0  72029-4 0  0018
2 00058  90.0000 018.0000 0000000 090.0000 255.0000 13.71901367460642
UNIGE_CUBESAT9
1 00059U 17021A   16303.82790574  .00000605  00000-0  72029-4 0  0019
2 00059  90.0000 018.0000 0000000 090.0000 291.0000 13.71901367460643
UNIGE_CUBESAT10
1 00060U 17021A   16303.82790574  .00000605  00000-0  72029-4 0  0011
2 00060  90.0000 018.0000 0000000 090.0000 327.0000 13.71901367460645
UNIGE_CUBESAT1
1 00061U 17021A   16303.82790574  .00000605  00000-0  72029-4 0  0012
2 00061  90.0000 021.0000 0000000 090.0000 004.0000 13.71901367460642
UNIGE_CUBESAT2
1 00062U 17021A   16303.82790574  .00000605  00000-0  72029-4 0  0013
2 00062  90.0000 021.0000 0000000 090.0000 040.0000 13.71901367460643
UNIGE_CUBESAT3
1 00063U 17021A   16303.82790574  .00000605  00000-0  72029-4 0  0014
2 00063  90.0000 021.0000 0000000 090.0000 076.0000 13.71901367460643
UNIGE_CUBESAT4
1 00064U 17021A   16303.82790574  .00000605  00000-0  72029-4 0  0015
2 00064  90.0000 021.0000 0000000 090.0000 112.0000 13.71901367460645
UNIGE_CUBESAT5
1 00065U 17021A   16303.82790574  .00000605  00000-0  72029-4 0  0016
2 00065  90.0000 021.0000 0000000 090.0000 148.0000 13.71901367460645
UNIGE_CUBESAT6
1 00066U 17021A   16303.82790574  .00000605  00000-0  72029-4 0  0017
2 00066  90.0000 021.0000 0000000 090.0000 184.0000 13.71901367460646
UNIGE_CUBESAT7
1 00067U 17021A   16303.82790574  .00000605  00000-0  72029-4 0  0018
2 00067  90.0000 021.0000 0000000 090.0000 220.0000 13.71901367460648
UNIGE_CUBESAT8
1 00068U 17021A   16303.82790574  .00000605  00000-0  72029-4 0  0019
2 00068  90.0000 021.0000 0000000 090.0000 256.0000 13.71901367460648
UNIGE_CUBESAT9
1 00069U 17021A   16303.82790574  .00000605  00000-0  72029-4 0  0010
2 00069  90.0000 021.0000 0000000 090.0000 292.0000 13.71901367460649
UNIGE_CUBESAT10
1 00070U 17021A   16303.82790574  .00000605  00000-0  72029-4 0  0012
2 00070  90.0000 021.0000 0000000 090.0000 328.0000 13.71901367460641
UNIGE_CUBESAT1
1 00071U 17021A   16303.82790574  .00000605  00000-0  72029-4 0  0013
2 00071  90.0000 025.0000 0000000 090.0000 005.0000 13.71901367460648
UNIGE_CUBESAT2
1 00072U 17021A   16303.82790574  .00000605  00000-0  72029-4 0  0014
2 00072  90.0000 025.0000 0000000 090.0000 041.0000 13.71901367460649
UNIGE_CUBESAT3
1 00073U 17021A   16303.82790574  .00000605  00000-0  72029-4 0  0015
2 00073  90.0000 025.0000 0000000 090.0000 077.0000 13.71901367460649
UNIGE_CUBESAT4
1 00074U 17021A   16303.82790574  .00000605  00000-0  72029-4 0  0016
2 00074  90.0000 025.0000 0000000 090.0000 113.0000 13.71901367460641
UNIGE_CUBESAT5
1 00075U 17021A   16303.82790574  .00000605  00000-0  72029-4 0  0017
2 00075  90.0000 025.0000 0000000 090.0000 149.0000 13.71901367460641
UNIGE_CUBESAT6
1 00076U 17021A   16303.82790574  .00000605  00000-0  72029-4 0  0018
2 00076  90.0000 025.0000 0000000 090.0000 185.0000 13.71901367460642
UNIGE_CUBESAT7
1 00077U 17021A   16303.82790574  .00000605  00000-0  72029-4 0  0019
2 00077  90.0000 025.0000 0000000 090.0000 221.0000 13.71901367460644
UNIGE_CUBESAT8
1 00078U 17021A   16303.82790574  .00000605  00000-0  72029-4 0  0010
2 00078  90.0000 025.0000 0000000 090.0000 257.0000 13.71901367460644
UNIGE_CUBESAT9
1 00079U 17021A   16303.82790574  .00000605  00000-0  72029-4 0  0011
2 00079  90.0000 025.0000 0000000 090.0000 293.0000 13.71901367460645
UNIGE_CUBESAT10
1 00080U 17021A   16303.82790574  .00000605  00000-0  72029-4 0  0013
2 00080  90.0000 025.0000 0000000 090.0000 329.0000 13.71901367460647
UNIGE_CUBESAT1
1 00081U 17021A   16303.82790574  .00000605  00000-0  72029-4 0  0014
2 00081  90.0000 028.0000 0000000 090.0000 005.0000 13.71901367460642
UNIGE_CUBESAT2
1 00082U 17021A   16303.82790574  .00000605  00000-0  72029-4 0  0015
2 00082  90.0000 028.0000 0000000 090.0000 041.0000 13.71901367460643
UNIGE_CUBESAT3
1 00083U 17021A   16303.82790574  .00000605  00000-0  72029-4 0  0016
2 00083  90.0000 028.0000 0000000 090.0000 077.0000 13.71901367460643
UNIGE_CUBESAT4
1 00084U 17021A   16303.82790574  .00000605  00000-0  72029-4 0  0017
2 00084  90.0000 028.0000 0000000 090.0000 113.0000 13.71901367460645
UNIGE_CUBESAT5
1 00085U 17021A   16303.82790574  .00000605  00000-0  72029-4 0  0018
2 00085  90.0000 028.0000 0000000 090.0000 149.0000 13.71901367460645
UNIGE_CUBESAT6
1 00086U 17021A   16303.82790574  .00000605  00000-0  72029-4 0  0019
2 00086  90.0000 028.0000 0000000 090.0000 185.0000 13.71901367460646
UNIGE_CUBESAT7
1 00087U 17021A   16303.82790574  .00000605  00000-0  72029-4 0  0010
2 00087  90.0000 028.0000 0000000 090.0000 221.0000 13.71901367460648
UNIGE_CUBESAT8
1 00088U 17021A   16303.82790574  .00000605  00000-0  72029-4 0  0011
2 00088  90.0000 028.0000 0000000 090.0000 257.0000 13.71901367460648
UNIGE_CUBESAT9
1 00089U 17021A   16303.82790574  .00000605  00000-0  72029-4 0  0012
2 00089  90.0000 028.0000 0000000 090.0000 293.0000 13.71901367460649
UNIGE_CUBESAT10
1 00090U 17021A   16303.82790574  .00000605  00000-0  72029-4 0  0014
2 00090  90.0000 028.0000 0000000 090.0000 329.0000 13.71901367460641
UNIGE_CUBESAT1
1 00091U 17021A   16303.82790574  .00000605  00000-0  72029-4 0  0015
2 00091  90.0000 032.0000 0000000 090.0000 006.0000 13.71901367460649
UNIGE_CUBESAT2
1 00092U 17021A   16303.82790574  .00000605  00000-0  72029-4 0  0016
2 00092  90.0000 032.0000 0000000 090.0000 042.0000 13.71901367460640
UNIGE_CUBESAT3
1 00093U 17021A   16303.82790574  .00000605  00000-0  72029-4 0  0017
2 00093  90.0000 032.0000 0000000 090.0000 078.0000 13.71901367460640
UNIGE_CUBESAT4
1 00094U 17021A   16303.82790574  .00000605  00000-0  72029-4 0  0018
2 00094  90.0000 032.0000 0000000 090.0000 114.0000 13.71901367460642
UNIGE_CUBESAT5
1 00095U 17021A   16303.82790574  .00000605  00000-0  72029-4 0  0019
2 00095  90.0000 032.0000 0000000 090.0000 150.0000 13.71901367460643
UNIGE_CUBESAT6
1 00096U 17021A   16303.82790574  .00000605  00000-0  72029-4 0  0010
2 00096  90.0000 032.0000 0000000 090.0000 186.0000 13.71901367460643
UNIGE_CUBESAT7
1 00097U 17021A   16303.82790574  .00000605  00000-0  72029-4 0  0011
2 00097  90.0000 032.0000 0000000 090.0000 222.0000 13.71901367460645
UNIGE_CUBESAT8
1 00098U 17021A   16303.82790574  .00000605  00000-0  72029-4 0  0012
2 00098  90.0000 032.0000 0000000 090.0000 258.0000 13.71901367460645
UNIGE_CUBESAT9
1 00099U 17021A   16303.82790574  .00000605  00000-0  72029-4 0  0013
2 00099  90.0000 032.0000 0000000 090.0000 294.0000 13.71901367460646
UNIGE_CUBESAT10
1 00100U 17021A   16303.82790574  .00000605  00000-0  72029-4 0  0016
2 00100  90.0000 032.0000 0000000 090.0000 330.0000 13.71901367460640
UNIGE_CUBESAT1
1 00101U 17021A   16303.82790574  .00000605  00000-0  72029-4 0  0017
2 00101  90.0000 036.0000 0000000 090.0000 007.0000 13.71901367460646
UNIGE_CUBESAT2
1 00102U 17021A   16303.82790574  .00000605  00000-0  72029-4 0  0018
2 00102  90.0000 036.0000 0000000 090.0000 043.0000 13.71901367460647
UNIGE_CUBESAT3
1 00103U 17021A   16303.82790574  .00000605  00000-0  72029-4 0  0019
2 00103  90.0000 036.0000 0000000 090.0000 079.0000 13.71901367460647
UNIGE_CUBESAT4
1 00104U 17021A   16303.82790574  .00000605  00000-0  72029-4 0  0010
2 00104  90.0000 036.0000 0000000 090.0000 115.0000 13.71901367460649
UNIGE_CUBESAT5
1 00105U 17021A   16303.82790574  .00000605  00000-0  72029-4 0  0011
2 00105  90.0000 036.0000 0000000 090.0000 151.0000 13.71901367460640
UNIGE_CUBESAT6
1 00106U 17021A   16303.82790574  .00000605  00000-0  72029-4 0  0012
2 00106  90.0000 036.0000 0000000 090.0000 187.0000 13.71901367460640
UNIGE_CUBESAT7
1 00107U 17021A   16303.82790574  .00000605  00000-0  72029-4 0  0013
2 00107  90.0000 036.0000 0000000 090.0000 223.0000 13.71901367460642
UNIGE_CUBESAT8
1 00108U 17021A   16303.82790574  .00000605  00000-0  72029-4 0  0014
2 00108  90.0000 036.0000 0000000 090.0000 259.0000 13.71901367460642
UNIGE_CUBESAT9
1 00109U 17021A   16303.82790574  .00000605  00000-0  72029-4 0  0015
2 00109  90.0000 036.0000 0000000 090.0000 295.0000 13.71901367460643
UNIGE_CUBESAT10
1 00110U 17021A   16303.82790574  .00000605  00000-0  72029-4 0  0017
2 00110  90.0000 036.0000 0000000 090.0000 331.0000 13.71901367460646
UNIGE_CUBESAT1
1 00111U 17021A   16303.82790574  .00000605  00000-0  72029-4 0  0018
2 00111  90.0000 039.0000 0000000 090.0000 007.0000 13.71901367460640
UNIGE_CUBESAT2
1 00112U 17021A   16303.82790574  .00000605  00000-0  72029-4 0  0019
2 00112  90.0000 039.0000 0000000 090.0000 043.0000 13.71901367460641
UNIGE_CUBESAT3
1 00113U 17021A   16303.82790574  .00000605  00000-0  72029-4 0  0010
2 00113  90.0000 039.0000 0000000 090.0000 079.0000 13.71901367460641
UNIGE_CUBESAT4
1 00114U 17021A   16303.82790574  .00000605  00000-0  72029-4 0  0011
2 00114  90.0000 039.0000 0000000 090.0000 115.0000 13.71901367460643
UNIGE_CUBESAT5
1 00115U 17021A   16303.82790574  .00000605  00000-0  72029-4 0  0012
2 00115  90.0000 039.0000 0000000 090.0000 151.0000 13.71901367460644
UNIGE_CUBESAT6
1 00116U 17021A   16303.82790574  .00000605  00000-0  72029-4 0  0013
2 00116  90.0000 039.0000 0000000 090.0000 187.0000 13.71901367460644
UNIGE_CUBESAT7
1 00117U 17021A   16303.82790574  .00000605  00000-0  72029-4 0  0014
2 00117  90.0000 039.0000 0000000 090.0000 223.0000 13.71901367460646
UNIGE_CUBESAT8
1 00118U 17021A   16303.82790574  .00000605  00000-0  72029-4 0  0015
2 00118  90.0000 039.0000 0000000 090.0000 259.0000 13.71901367460646
UNIGE_CUBESAT9
1 00119U 17021A   16303.82790574  .00000605  00000-0  72029-4 0  0016
2 00119  90.0000 039.0000 0000000 090.0000 295.0000 13.71901367460647
UNIGE_CUBESAT10
1 00120U 17021A   16303.82790574  .00000605  00000-0  72029-4 0  0018
2 00120  90.0000 039.0000 0000000 090.0000 331.0000 13.71901367460640
UNIGE_CUBESAT1
1 00121U 17021A   16303.82790574  .00000605  00000-0  72029-4 0  0019
2 00121  90.0000 043.0000 0000000 090.0000 008.0000 13.71901367460647
UNIGE_CUBESAT2
1 00122U 17021A   16303.82790574  .00000605  00000-0  72029-4 0  0010
2 00122  90.0000 043.0000 0000000 090.0000 044.0000 13.71901367460648
UNIGE_CUBESAT3
1 00123U 17021A   16303.82790574  .00000605  00000-0  72029-4 0  0011
2 00123  90.0000 043.0000 0000000 090.0000 080.0000 13.71901367460649
UNIGE_CUBESAT4
1 00124U 17021A   16303.82790574  .00000605  00000-0  72029-4 0  0012
2 00124  90.0000 043.0000 0000000 090.0000 116.0000 13.71901367460640
UNIGE_CUBESAT5
1 00125U 17021A   16303.82790574  .00000605  00000-0  72029-4 0  0013
2 00125  90.0000 043.0000 0000000 090.0000 152.0000 13.71901367460641
UNIGE_CUBESAT6
1 00126U 17021A   16303.82790574  .00000605  00000-0  72029-4 0  0014
2 00126  90.0000 043.0000 0000000 090.0000 188.0000 13.71901367460641
UNIGE_CUBESAT7
1 00127U 17021A   16303.82790574  .00000605  00000-0  72029-4 0  0015
2 00127  90.0000 043.0000 0000000 090.0000 224.0000 13.71901367460643
UNIGE_CUBESAT8
1 00128U 17021A   16303.82790574  .00000605  00000-0  72029-4 0  0016
2 00128  90.0000 043.0000 0000000 090.0000 260.0000 13.71901367460644
UNIGE_CUBESAT9
1 00129U 17021A   16303.82790574  .00000605  00000-0  72029-4 0  0017
2 00129  90.0000 043.0000 0000000 090.0000 296.0000 13.71901367460644
UNIGE_CUBESAT10
1 00130U 17021A   16303.82790574  .00000605  00000-0  72029-4 0  0019
2 00130  90.0000 043.0000 0000000 090.0000 332.0000 13.71901367460647
UNIGE_CUBESAT1
1 00131U 17021A   16303.82790574  .00000605  00000-0  72029-4 0  0010
2 00131  90.0000 046.0000 0000000 090.0000 009.0000 13.71901367460642
UNIGE_CUBESAT2
1 00132U 17021A   16303.82790574  .00000605  00000-0  72029-4 0  0011
2 00132  90.0000 046.0000 0000000 090.0000 045.0000 13.71901367460643
UNIGE_CUBESAT3
1 00133U 17021A   16303.82790574  .00000605  00000-0  72029-4 0  0012
2 00133  90.0000 046.0000 0000000 090.0000 081.0000 13.71901367460644
UNIGE_CUBESAT4
1 00134U 17021A   16303.82790574  .00000605  00000-0  72029-4 0  0013
2 00134  90.0000 046.0000 0000000 090.0000 117.0000 13.71901367460645
UNIGE_CUBESAT5
1 00135U 17021A   16303.82790574  .00000605  00000-0  72029-4 0  0014
2 00135  90.0000 046.0000 0000000 090.0000 153.0000 13.71901367460646
UNIGE_CUBESAT6
1 00136U 17021A   16303.82790574  .00000605  00000-0  72029-4 0  0015
2 00136  90.0000 046.0000 0000000 090.0000 189.0000 13.71901367460646
UNIGE_CUBESAT7
1 00137U 17021A   16303.82790574  .00000605  00000-0  72029-4 0  0016
2 00137  90.0000 046.0000 0000000 090.0000 225.0000 13.71901367460648
UNIGE_CUBESAT8
1 00138U 17021A   16303.82790574  .00000605  00000-0  72029-4 0  0017
2 00138  90.0000 046.0000 0000000 090.0000 261.0000 13.71901367460649
UNIGE_CUBESAT9
1 00139U 17021A   16303.82790574  .00000605  00000-0  72029-4 0  0018
2 00139  90.0000 046.0000 0000000 090.0000 297.0000 13.71901367460649
UNIGE_CUBESAT10
1 00140U 17021A   16303.82790574  .00000605  00000-0  72029-4 0  0010
2 00140  90.0000 046.0000 0000000 090.0000 333.0000 13.71901367460642
UNIGE_CUBESAT1
1 00141U 17021A   16303.82790574  .00000605  00000-0  72029-4 0  0011
2 00141  90.0000 050.0000 0000000 090.0000 010.0000 13.71901367460640
UNIGE_CUBESAT2
1 00142U 17021A   16303.82790574  .00000605  00000-0  72029-4 0  0012
2 00142  90.0000 050.0000 0000000 090.0000 046.0000 13.71901367460640
UNIGE_CUBESAT3
1 00143U 17021A   16303.82790574  .00000605  00000-0  72029-4 0  0013
2 00143  90.0000 050.0000 0000000 090.0000 082.0000 13.71901367460641
UNIGE_CUBESAT4
1 00144U 17021A   16303.82790574  .00000605  00000-0  72029-4 0  0014
2 00144  90.0000 050.0000 0000000 090.0000 118.0000 13.71901367460642
UNIGE_CUBESAT5
1 00145U 17021A   16303.82790574  .00000605  00000-0  72029-4 0  0015
2 00145  90.0000 050.0000 0000000 090.0000 154.0000 13.71901367460643
UNIGE_CUBESAT6
1 00146U 17021A   16303.82790574  .00000605  00000-0  72029-4 0  0016
2 00146  90.0000 050.0000 0000000 090.0000 190.0000 13.71901367460644
UNIGE_CUBESAT7
1 00147U 17021A   16303.82790574  .00000605  00000-0  72029-4 0  0017
2 00147  90.0000 050.0000 0000000 090.0000 226.0000 13.71901367460645
UNIGE_CUBESAT8
1 00148U 17021A   16303.82790574  .00000605  00000-0  72029-4 0  0018
2 00148  90.0000 050.0000 0000000 090.0000 262.0000 13.71901367460646
UNIGE_CUBESAT9
1 00149U 17021A   16303.82790574  .00000605  00000-0  72029-4 0  0019
2 00149  90.0000 050.0000 0000000 090.0000 298.0000 13.71901367460646
UNIGE_CUBESAT10
1 00150U 17021A   16303.82790574  .00000605  00000-0  72029-4 0  0011
2 00150  90.0000 050.0000 0000000 090.0000 334.0000 13.71901367460649
UNIGE_CUBESAT1
1 00151U 17021A   16303.82790574  .00000605  00000-0  72029-4 0  0012
2 00151  90.0000 054.0000 0000000 090.0000 010.0000 13.71901367460645
UNIGE_CUBESAT2
1 00152U 17021A   16303.82790574  .00000605  00000-0  72029-4 0  0013
2 00152  90.0000 054.0000 0000000 090.0000 046.0000 13.71901367460645
UNIGE_CUBESAT3
1 00153U 17021A   16303.82790574  .00000605  00000-0  72029-4 0  0014
2 00153  90.0000 054.0000 0000000 090.0000 082.0000 13.71901367460646
UNIGE_CUBESAT4
1 00154U 17021A   16303.82790574  .00000605  00000-0  72029-4 0  0015
2 00154  90.0000 054.0000 0000000 090.0000 118.0000 13.71901367460647
UNIGE_CUBESAT5
1 00155U 17021A   16303.82790574  .00000605  00000-0  72029-4 0  0016
2 00155  90.0000 054.0000 0000000 090.0000 154.0000 13.71901367460648
UNIGE_CUBESAT6
1 00156U 17021A   16303.82790574  .00000605  00000-0  72029-4 0  0017
2 00156  90.0000 054.0000 0000000 090.0000 190.0000 13.71901367460649
UNIGE_CUBESAT7
1 00157U 17021A   16303.82790574  .00000605  00000-0  72029-4 0  0018
2 00157  90.0000 054.0000 0000000 090.0000 226.0000 13.71901367460640
UNIGE_CUBESAT8
1 00158U 17021A   16303.82790574  .00000605  00000-0  72029-4 0  0019
2 00158  90.0000 054.0000 0000000 090.0000 262.0000 13.71901367460641
UNIGE_CUBESAT9
1 00159U 17021A   16303.82790574  .00000605  00000-0  72029-4 0  0010
2 00159  90.0000 054.0000 0000000 090.0000 298.0000 13.71901367460641
UNIGE_CUBESAT10
1 00160U 17021A   16303.82790574  .00000605  00000-0  72029-4 0  0012
2 00160  90.0000 054.0000 0000000 090.0000 334.0000 13.71901367460644
UNIGE_CUBESAT1
1 00161U 17021A   16303.82790574  .00000605  00000-0  72029-4 0  0013
2 00161  90.0000 057.0000 0000000 090.0000 011.0000 13.71901367460640
UNIGE_CUBESAT2
1 00162U 17021A   16303.82790574  .00000605  00000-0  72029-4 0  0014
2 00162  90.0000 057.0000 0000000 090.0000 047.0000 13.71901367460640
UNIGE_CUBESAT3
1 00163U 17021A   16303.82790574  .00000605  00000-0  72029-4 0  0015
2 00163  90.0000 057.0000 0000000 090.0000 083.0000 13.71901367460641
UNIGE_CUBESAT4
1 00164U 17021A   16303.82790574  .00000605  00000-0  72029-4 0  0016
2 00164  90.0000 057.0000 0000000 090.0000 119.0000 13.71901367460642
UNIGE_CUBESAT5
1 00165U 17021A   16303.82790574  .00000605  00000-0  72029-4 0  0017
2 00165  90.0000 057.0000 0000000 090.0000 155.0000 13.71901367460643
UNIGE_CUBESAT6
1 00166U 17021A   16303.82790574  .00000605  00000-0  72029-4 0  0018
2 00166  90.0000 057.0000 0000000 090.0000 191.0000 13.71901367460644
UNIGE_CUBESAT7
1 00167U 17021A   16303.82790574  .00000605  00000-0  72029-4 0  0019
2 00167  90.0000 057.0000 0000000 090.0000 227.0000 13.71901367460645
UNIGE_CUBESAT8
1 00168U 17021A   16303.82790574  .00000605  00000-0  72029-4 0  0010
2 00168  90.0000 057.0000 0000000 090.0000 263.0000 13.71901367460646
UNIGE_CUBESAT9
1 00169U 17021A   16303.82790574  .00000605  00000-0  72029-4 0  0011
2 00169  90.0000 057.0000 0000000 090.0000 299.0000 13.71901367460646
UNIGE_CUBESAT10
1 00170U 17021A   16303.82790574  .00000605  00000-0  72029-4 0  0013
2 00170  90.0000 057.0000 0000000 090.0000 335.0000 13.71901367460649
UNIGE_CUBESAT1
1 00171U 17021A   16303.82790574  .00000605  00000-0  72029-4 0  0014
2 00171  90.0000 061.0000 0000000 090.0000 012.0000 13.71901367460647
UNIGE_CUBESAT2
1 00172U 17021A   16303.82790574  .00000605  00000-0  72029-4 0  0015
2 00172  90.0000 061.0000 0000000 090.0000 048.0000 13.71901367460647
UNIGE_CUBESAT3
1 00173U 17021A   16303.82790574  .00000605  00000-0  72029-4 0  0016
2 00173  90.0000 061.0000 0000000 090.0000 084.0000 13.71901367460648
UNIGE_CUBESAT4
1 00174U 17021A   16303.82790574  .00000605  00000-0  72029-4 0  0017
2 00174  90.0000 061.0000 0000000 090.0000 120.0000 13.71901367460640
UNIGE_CUBESAT5
1 00175U 17021A   16303.82790574  .00000605  00000-0  72029-4 0  0018
2 00175  90.0000 061.0000 0000000 090.0000 156.0000 13.71901367460640
UNIGE_CUBESAT6
1 00176U 17021A   16303.82790574  .00000605  00000-0  72029-4 0  0019
2 00176  90.0000 061.0000 0000000 090.0000 192.0000 13.71901367460641
UNIGE_CUBESAT7
1 00177U 17021A   16303.82790574  .00000605  00000-0  72029-4 0  0010
2 00177  90.0000 061.0000 0000000 090.0000 228.0000 13.71901367460642
UNIGE_CUBESAT8
1 00178U 17021A   16303.82790574  .00000605  00000-0  72029-4 0  0011
2 00178  90.0000 061.0000 0000000 090.0000 264.0000 13.71901367460643
UNIGE_CUBESAT9
1 00179U 17021A   16303.82790574  .00000605  00000-0  72029-4 0  0012
2 00179  90.0000 061.0000 0000000 090.0000 300.0000 13.71901367460645
UNIGE_CUBESAT10
1 00180U 17021A   16303.82790574  .00000605  00000-0  72029-4 0  0014
2 00180  90.0000 061.0000 0000000 090.0000 336.0000 13.71901367460646
UNIGE_CUBESAT1
1 00181U 17021A   16303.82790574  .00000605  00000-0  72029-4 0  0015
2 00181  90.0000 064.0000 0000000 090.0000 012.0000 13.71901367460641
UNIGE_CUBESAT2
1 00182U 17021A   16303.82790574  .00000605  00000-0  72029-4 0  0016
2 00182  90.0000 064.0000 0000000 090.0000 048.0000 13.71901367460641
UNIGE_CUBESAT3
1 00183U 17021A   16303.82790574  .00000605  00000-0  72029-4 0  0017
2 00183  90.0000 064.0000 0000000 090.0000 084.0000 13.71901367460642
UNIGE_CUBESAT4
1 00184U 17021A   16303.82790574  .00000605  00000-0  72029-4 0  0018
2 00184  90.0000 064.0000 0000000 090.0000 120.0000 13.71901367460644
UNIGE_CUBESAT5
1 00185U 17021A   16303.82790574  .00000605  00000-0  72029-4 0  0019
2 00185  90.0000 064.0000 0000000 090.0000 156.0000 13.71901367460644
UNIGE_CUBESAT6
1 00186U 17021A   16303.82790574  .00000605  00000-0  72029-4 0  0010
2 00186  90.0000 064.0000 0000000 090.0000 192.0000 13.71901367460645
UNIGE_CUBESAT7
1 00187U 17021A   16303.82790574  .00000605  00000-0  72029-4 0  0011
2 00187  90.0000 064.0000 0000000 090.0000 228.0000 13.71901367460646
UNIGE_CUBESAT8
1 00188U 17021A   16303.82790574  .00000605  00000-0  72029-4 0  0012
2 00188  90.0000 064.0000 0000000 090.0000 264.0000 13.71901367460647
UNIGE_CUBESAT9
1 00189U 17021A   16303.82790574  .00000605  00000-0  72029-4 0  0013
2 00189  90.0000 064.0000 0000000 090.0000 300.0000 13.71901367460649
UNIGE_CUBESAT10
1 00190U 17021A   16303.82790574  .00000605  00000-0  72029-4 0  0015
2 00190  90.0000 064.0000 0000000 090.0000 336.0000 13.71901367460640
UNIGE_CUBESAT1
1 00191U 17021A   16303.82790574  .00000605  00000-0  72029-4 0  0016
2 00191  90.0000 068.0000 0000000 090.0000 013.0000 13.71901367460647
UNIGE_CUBESAT2
1 00192U 17021A   16303.82790574  .00000605  00000-0  72029-4 0  0017
2 00192  90.0000 068.0000 0000000 090.0000 049.0000 13.71901367460647
UNIGE_CUBESAT3
1 00193U 17021A   16303.82790574  .00000605  00000-0  72029-4 0  0018
2 00193  90.0000 068.0000 0000000 090.0000 085.0000 13.71901367460648
UNIGE_CUBESAT4
1 00194U 17021A   16303.82790574  .00000605  00000-0  72029-4 0  0019
2 00194  90.0000 068.0000 0000000 090.0000 121.0000 13.71901367460640
UNIGE_CUBESAT5
1 00195U 17021A   16303.82790574  .00000605  00000-0  72029-4 0  0010
2 00195  90.0000 068.0000 0000000 090.0000 157.0000 13.71901367460640
UNIGE_CUBESAT6
1 00196U 17021A   16303.82790574  .00000605  00000-0  72029-4 0  0011
2 00196  90.0000 068.0000 0000000 090.0000 193.0000 13.71901367460641
UNIGE_CUBESAT7
1 00197U 17021A   16303.82790574  .00000605  00000-0  72029-4 0  0012
2 00197  90.0000 068.0000 0000000 090.0000 229.0000 13.71901367460642
UNIGE_CUBESAT8
1 00198U 17021A   16303.82790574  .00000605  00000-0  72029-4 0  0013
2 00198  90.0000 068.0000 0000000 090.0000 265.0000 13.71901367460643
UNIGE_CUBESAT9
1 00199U 17021A   16303.82790574  .00000605  00000-0  72029-4 0  0014
2 00199  90.0000 068.0000 0000000 090.0000 301.0000 13.71901367460645
UNIGE_CUBESAT10
1 00200U 17021A   16303.82790574  .00000605  00000-0  72029-4 0  0017
2 00200  90.0000 068.0000 0000000 090.0000 337.0000 13.71901367460647
UNIGE_CUBESAT1
1 00201U 17021A   16303.82790574  .00000605  00000-0  72029-4 0  0018
2 00201  90.0000 072.0000 0000000 090.0000 014.0000 13.71901367460645
UNIGE_CUBESAT2
1 00202U 17021A   16303.82790574  .00000605  00000-0  72029-4 0  0019
2 00202  90.0000 072.0000 0000000 090.0000 050.0000 13.71901367460646
UNIGE_CUBESAT3
1 00203U 17021A   16303.82790574  .00000605  00000-0  72029-4 0  0010
2 00203  90.0000 072.0000 0000000 090.0000 086.0000 13.71901367460646
UNIGE_CUBESAT4
1 00204U 17021A   16303.82790574  .00000605  00000-0  72029-4 0  0011
2 00204  90.0000 072.0000 0000000 090.0000 122.0000 13.71901367460648
UNIGE_CUBESAT5
1 00205U 17021A   16303.82790574  .00000605  00000-0  72029-4 0  0012
2 00205  90.0000 072.0000 0000000 090.0000 158.0000 13.71901367460648
UNIGE_CUBESAT6
1 00206U 17021A   16303.82790574  .00000605  00000-0  72029-4 0  0013
2 00206  90.0000 072.0000 0000000 090.0000 194.0000 13.71901367460649
UNIGE_CUBESAT7
1 00207U 17021A   16303.82790574  .00000605  00000-0  72029-4 0  0014
2 00207  90.0000 072.0000 0000000 090.0000 230.0000 13.71901367460641
UNIGE_CUBESAT8
1 00208U 17021A   16303.82790574  .00000605  00000-0  72029-4 0  0015
2 00208  90.0000 072.0000 0000000 090.0000 266.0000 13.71901367460641
UNIGE_CUBESAT9
1 00209U 17021A   16303.82790574  .00000605  00000-0  72029-4 0  0016
2 00209  90.0000 072.0000 0000000 090.0000 302.0000 13.71901367460643
UNIGE_CUBESAT10
1 00210U 17021A   16303.82790574  .00000605  00000-0  72029-4 0  0018
2 00210  90.0000 072.0000 0000000 090.0000 338.0000 13.71901367460644
UNIGE_CUBESAT1
1 00211U 17021A   16303.82790574  .00000605  00000-0  72029-4 0  0019
2 00211  90.0000 075.0000 0000000 090.0000 015.0000 13.71901367460640
UNIGE_CUBESAT2
1 00212U 17021A   16303.82790574  .00000605  00000-0  72029-4 0  0010
2 00212  90.0000 075.0000 0000000 090.0000 051.0000 13.71901367460641
UNIGE_CUBESAT3
1 00213U 17021A   16303.82790574  .00000605  00000-0  72029-4 0  0011
2 00213  90.0000 075.0000 0000000 090.0000 087.0000 13.71901367460641
UNIGE_CUBESAT4
1 00214U 17021A   16303.82790574  .00000605  00000-0  72029-4 0  0012
2 00214  90.0000 075.0000 0000000 090.0000 123.0000 13.71901367460643
UNIGE_CUBESAT5
1 00215U 17021A   16303.82790574  .00000605  00000-0  72029-4 0  0013
2 00215  90.0000 075.0000 0000000 090.0000 159.0000 13.71901367460643
UNIGE_CUBESAT6
1 00216U 17021A   16303.82790574  .00000605  00000-0  72029-4 0  0014
2 00216  90.0000 075.0000 0000000 090.0000 195.0000 13.71901367460644
UNIGE_CUBESAT7
1 00217U 17021A   16303.82790574  .00000605  00000-0  72029-4 0  0015
2 00217  90.0000 075.0000 0000000 090.0000 231.0000 13.71901367460646
UNIGE_CUBESAT8
1 00218U 17021A   16303.82790574  .00000605  00000-0  72029-4 0  0016
2 00218  90.0000 075.0000 0000000 090.0000 267.0000 13.71901367460646
UNIGE_CUBESAT9
1 00219U 17021A   16303.82790574  .00000605  00000-0  72029-4 0  0017
2 00219  90.0000 075.0000 0000000 090.0000 303.0000 13.71901367460648
UNIGE_CUBESAT10
1 00220U 17021A   16303.82790574  .00000605  00000-0  72029-4 0  0019
2 00220  90.0000 075.0000 0000000 090.0000 339.0000 13.71901367460649
UNIGE_CUBESAT1
1 00221U 17021A   16303.82790574  .00000605  00000-0  72029-4 0  0010
2 00221  90.0000 079.0000 0000000 090.0000 015.0000 13.71901367460645
UNIGE_CUBESAT2
1 00222U 17021A   16303.82790574  .00000605  00000-0  72029-4 0  0011
2 00222  90.0000 079.0000 0000000 090.0000 051.0000 13.71901367460646
UNIGE_CUBESAT3
1 00223U 17021A   16303.82790574  .00000605  00000-0  72029-4 0  0012
2 00223  90.0000 079.0000 0000000 090.0000 087.0000 13.71901367460646
UNIGE_CUBESAT4
1 00224U 17021A   16303.82790574  .00000605  00000-0  72029-4 0  0013
2 00224  90.0000 079.0000 0000000 090.0000 123.0000 13.71901367460648
UNIGE_CUBESAT5
1 00225U 17021A   16303.82790574  .00000605  00000-0  72029-4 0  0014
2 00225  90.0000 079.0000 0000000 090.0000 159.0000 13.71901367460648
UNIGE_CUBESAT6
1 00226U 17021A   16303.82790574  .00000605  00000-0  72029-4 0  0015
2 00226  90.0000 079.0000 0000000 090.0000 195.0000 13.71901367460649
UNIGE_CUBESAT7
1 00227U 17021A   16303.82790574  .00000605  00000-0  72029-4 0  0016
2 00227  90.0000 079.0000 0000000 090.0000 231.0000 13.71901367460641
UNIGE_CUBESAT8
1 00228U 17021A   16303.82790574  .00000605  00000-0  72029-4 0  0017
2 00228  90.0000 079.0000 0000000 090.0000 267.0000 13.71901367460641
UNIGE_CUBESAT9
1 00229U 17021A   16303.82790574  .00000605  00000-0  72029-4 0  0018
2 00229  90.0000 079.0000 0000000 090.0000 303.0000 13.71901367460643
UNIGE_CUBESAT10
1 00230U 17021A   16303.82790574  .00000605  00000-0  72029-4 0  0010
2 00230  90.0000 079.0000 0000000 090.0000 339.0000 13.71901367460644
UNIGE_CUBESAT1
1 00231U 17021A   16303.82790574  .00000605  00000-0  72029-4 0  0011
2 00231  90.0000 082.0000 0000000 090.0000 016.0000 13.71901367460641
UNIGE_CUBESAT2
1 00232U 17021A   16303.82790574  .00000605  00000-0  72029-4 0  0012
2 00232  90.0000 082.0000 0000000 090.0000 052.0000 13.71901367460642
UNIGE_CUBESAT3
1 00233U 17021A   16303.82790574  .00000605  00000-0  72029-4 0  0013
2 00233  90.0000 082.0000 0000000 090.0000 088.0000 13.71901367460642
UNIGE_CUBESAT4
1 00234U 17021A   16303.82790574  .00000605  00000-0  72029-4 0  0014
2 00234  90.0000 082.0000 0000000 090.0000 124.0000 13.71901367460644
UNIGE_CUBESAT5
1 00235U 17021A   16303.82790574  .00000605  00000-0  72029-4 0  0015
2 00235  90.0000 082.0000 0000000 090.0000 160.0000 13.71901367460645
UNIGE_CUBESAT6
1 00236U 17021A   16303.82790574  .00000605  00000-0  72029-4 0  0016
2 00236  90.0000 082.0000 0000000 090.0000 196.0000 13.71901367460645
UNIGE_CUBESAT7
1 00237U 17021A   16303.82790574  .00000605  00000-0  72029-4 0  0017
2 00237  90.0000 082.0000 0000000 090.0000 232.0000 13.71901367460647
UNIGE_CUBESAT8
1 00238U 17021A   16303.82790574  .00000605  00000-0  72029-4 0  0018
2 00238  90.0000 082.0000 0000000 090.0000 268.0000 13.71901367460647
UNIGE_CUBESAT9
1 00239U 17021A   16303.82790574  .00000605  00000-0  72029-4 0  0019
2 00239  90.0000 082.0000 0000000 090.0000 304.0000 13.71901367460649
UNIGE_CUBESAT10
1 00240U 17021A   16303.82790574  .00000605  00000-0  72029-4 0  0011
2 00240  90.0000 082.0000 0000000 090.0000 340.0000 13.71901367460641
UNIGE_CUBESAT1
1 00241U 17021A   16303.82790574  .00000605  00000-0  72029-4 0  0012
2 00241  90.0000 086.0000 0000000 090.0000 017.0000 13.71901367460647
UNIGE_CUBESAT2
1 00242U 17021A   16303.82790574  .00000605  00000-0  72029-4 0  0013
2 00242  90.0000 086.0000 0000000 090.0000 053.0000 13.71901367460648
UNIGE_CUBESAT3
1 00243U 17021A   16303.82790574  .00000605  00000-0  72029-4 0  0014
2 00243  90.0000 086.0000 0000000 090.0000 089.0000 13.71901367460648
UNIGE_CUBESAT4
1 00244U 17021A   16303.82790574  .00000605  00000-0  72029-4 0  0015
2 00244  90.0000 086.0000 0000000 090.0000 125.0000 13.71901367460640
UNIGE_CUBESAT5
1 00245U 17021A   16303.82790574  .00000605  00000-0  72029-4 0  0016
2 00245  90.0000 086.0000 0000000 090.0000 161.0000 13.71901367460641
UNIGE_CUBESAT6
1 00246U 17021A   16303.82790574  .00000605  00000-0  72029-4 0  0017
2 00246  90.0000 086.0000 0000000 090.0000 197.0000 13.71901367460641
UNIGE_CUBESAT7
1 00247U 17021A   16303.82790574  .00000605  00000-0  72029-4 0  0018
2 00247  90.0000 086.0000 0000000 090.0000 233.0000 13.71901367460643
UNIGE_CUBESAT8
1 00248U 17021A   16303.82790574  .00000605  00000-0  72029-4 0  0019
2 00248  90.0000 086.0000 0000000 090.0000 269.0000 13.71901367460643
UNIGE_CUBESAT9
1 00249U 17021A   16303.82790574  .00000605  00000-0  72029-4 0  0010
2 00249  90.0000 086.0000 0000000 090.0000 305.0000 13.71901367460645
UNIGE_CUBESAT10
1 00250U 17021A   16303.82790574  .00000605  00000-0  72029-4 0  0012
2 00250  90.0000 086.0000 0000000 090.0000 341.0000 13.71901367460647
UNIGE_CUBESAT1
1 00251U 17021A   16303.82790574  .00000605  00000-0  72029-4 0  0013
2 00251  90.0000 090.0000 0000000 090.0000 018.0000 13.71901367460644
UNIGE_CUBESAT2
1 00252U 17021A   16303.82790574  .00000605  00000-0  72029-4 0  0014
2 00252  90.0000 090.0000 0000000 090.0000 054.0000 13.71901367460645
UNIGE_CUBESAT3
1 00253U 17021A   16303.82790574  .00000605  00000-0  72029-4 0  0015
2 00253  90.0000 090.0000 0000000 090.0000 090.0000 13.71901367460646
UNIGE_CUBESAT4
1 00254U 17021A   16303.82790574  .00000605  00000-0  72029-4 0  0016
2 00254  90.0000 090.0000 0000000 090.0000 126.0000 13.71901367460647
UNIGE_CUBESAT5
1 00255U 17021A   16303.82790574  .00000605  00000-0  72029-4 0  0017
2 00255  90.0000 090.0000 0000000 090.0000 162.0000 13.71901367460648
UNIGE_CUBESAT6
1 00256U 17021A   16303.82790574  .00000605  00000-0  72029-4 0  0018
2 00256  90.0000 090.0000 0000000 090.0000 198.0000 13.71901367460648
UNIGE_CUBESAT7
1 00257U 17021A   16303.82790574  .00000605  00000-0  72029-4 0  0019
2 00257  90.0000 090.0000 0000000 090.0000 234.0000 13.71901367460640
UNIGE_CUBESAT8
1 00258U 17021A   16303.82790574  .00000605  00000-0  72029-4 0  0010
2 00258  90.0000 090.0000 0000000 090.0000 270.0000 13.71901367460641
UNIGE_CUBESAT9
1 00259U 17021A   16303.82790574  .00000605  00000-0  72029-4 0  0011
2 00259  90.0000 090.0000 0000000 090.0000 306.0000 13.71901367460642
UNIGE_CUBESAT10
1 00260U 17021A   16303.82790574  .00000605  00000-0  72029-4 0  0013
2 00260  90.0000 090.0000 0000000 090.0000 342.0000 13.71901367460644
UNIGE_CUBESAT1
1 00261U 17021A   16303.82790574  .00000605  00000-0  72029-4 0  0014
2 00261  90.0000 093.0000 0000000 090.0000 018.0000 13.71901367460648
UNIGE_CUBESAT2
1 00262U 17021A   16303.82790574  .00000605  00000-0  72029-4 0  0015
2 00262  90.0000 093.0000 0000000 090.0000 054.0000 13.71901367460649
UNIGE_CUBESAT3
1 00263U 17021A   16303.82790574  .00000605  00000-0  72029-4 0  0016
2 00263  90.0000 093.0000 0000000 090.0000 090.0000 13.71901367460640
UNIGE_CUBESAT4
1 00264U 17021A   16303.82790574  .00000605  00000-0  72029-4 0  0017
2 00264  90.0000 093.0000 0000000 090.0000 126.0000 13.71901367460641
UNIGE_CUBESAT5
1 00265U 17021A   16303.82790574  .00000605  00000-0  72029-4 0  0018
2 00265  90.0000 093.0000 0000000 090.0000 162.0000 13.71901367460642
UNIGE_CUBESAT6
1 00266U 17021A   16303.82790574  .00000605  00000-0  72029-4 0  0019
2 00266  90.0000 093.0000 0000000 090.0000 198.0000 13.71901367460642
UNIGE_CUBESAT7
1 00267U 17021A   16303.82790574  .00000605  00000-0  72029-4 0  0010
2 00267  90.0000 093.0000 0000000 090.0000 234.0000 13.71901367460644
UNIGE_CUBESAT8
1 00268U 17021A   16303.82790574  .00000605  00000-0  72029-4 0  0011
2 00268  90.0000 093.0000 0000000 090.0000 270.0000 13.71901367460645
UNIGE_CUBESAT9
1 00269U 17021A   16303.82790574  .00000605  00000-0  72029-4 0  0012
2 00269  90.0000 093.0000 0000000 090.0000 306.0000 13.71901367460646
UNIGE_CUBESAT10
1 00270U 17021A   16303.82790574  .00000605  00000-0  72029-4 0  0014
2 00270  90.0000 093.0000 0000000 090.0000 342.0000 13.71901367460648
UNIGE_CUBESAT1
1 00271U 17021A   16303.82790574  .00000605  00000-0  72029-4 0  0015
2 00271  90.0000 097.0000 0000000 090.0000 019.0000 13.71901367460644
UNIGE_CUBESAT2
1 00272U 17021A   16303.82790574  .00000605  00000-0  72029-4 0  0016
2 00272  90.0000 097.0000 0000000 090.0000 055.0000 13.71901367460645
UNIGE_CUBESAT3
1 00273U 17021A   16303.82790574  .00000605  00000-0  72029-4 0  0017
2 00273  90.0000 097.0000 0000000 090.0000 091.0000 13.71901367460646
UNIGE_CUBESAT4
1 00274U 17021A   16303.82790574  .00000605  00000-0  72029-4 0  0018
2 00274  90.0000 097.0000 0000000 090.0000 127.0000 13.71901367460647
UNIGE_CUBESAT5
1 00275U 17021A   16303.82790574  .00000605  00000-0  72029-4 0  0019
2 00275  90.0000 097.0000 0000000 090.0000 163.0000 13.71901367460648
UNIGE_CUBESAT6
1 00276U 17021A   16303.82790574  .00000605  00000-0  72029-4 0  0010
2 00276  90.0000 097.0000 0000000 090.0000 199.0000 13.71901367460648
UNIGE_CUBESAT7
1 00277U 17021A   16303.82790574  .00000605  00000-0  72029-4 0  0011
2 00277  90.0000 097.0000 0000000 090.0000 235.0000 13.71901367460640
UNIGE_CUBESAT8
1 00278U 17021A   16303.82790574  .00000605  00000-0  72029-4 0  0012
2 00278  90.0000 097.0000 0000000 090.0000 271.0000 13.71901367460641
UNIGE_CUBESAT9
1 00279U 17021A   16303.82790574  .00000605  00000-0  72029-4 0  0013
2 00279  90.0000 097.0000 0000000 090.0000 307.0000 13.71901367460642
UNIGE_CUBESAT10
1 00280U 17021A   16303.82790574  .00000605  00000-0  72029-4 0  0015
2 00280  90.0000 097.0000 0000000 090.0000 343.0000 13.71901367460644
UNIGE_CUBESAT1
1 00281U 17021A   16303.82790574  .00000605  00000-0  72029-4 0  0016
2 00281  90.0000 100.0000 0000000 090.0000 020.0000 13.71901367460642
UNIGE_CUBESAT2
1 00282U 17021A   16303.82790574  .00000605  00000-0  72029-4 0  0017
2 00282  90.0000 100.0000 0000000 090.0000 056.0000 13.71901367460642
UNIGE_CUBESAT3
1 00283U 17021A   16303.82790574  .00000605  00000-0  72029-4 0  0018
2 00283  90.0000 100.0000 0000000 090.0000 092.0000 13.71901367460643
UNIGE_CUBESAT4
1 00284U 17021A   16303.82790574  .00000605  00000-0  72029-4 0  0019
2 00284  90.0000 100.0000 0000000 090.0000 128.0000 13.71901367460644
UNIGE_CUBESAT5
1 00285U 17021A   16303.82790574  .00000605  00000-0  72029-4 0  0010
2 00285  90.0000 100.0000 0000000 090.0000 164.0000 13.71901367460645
UNIGE_CUBESAT6
1 00286U 17021A   16303.82790574  .00000605  00000-0  72029-4 0  0011
2 00286  90.0000 100.0000 0000000 090.0000 200.0000 13.71901367460647
UNIGE_CUBESAT7
1 00287U 17021A   16303.82790574  .00000605  00000-0  72029-4 0  0012
2 00287  90.0000 100.0000 0000000 090.0000 236.0000 13.71901367460647
UNIGE_CUBESAT8
1 00288U 17021A   16303.82790574  .00000605  00000-0  72029-4 0  0013
2 00288  90.0000 100.0000 0000000 090.0000 272.0000 13.71901367460648
UNIGE_CUBESAT9
1 00289U 17021A   16303.82790574  .00000605  00000-0  72029-4 0  0014
2 00289  90.0000 100.0000 0000000 090.0000 308.0000 13.71901367460649
UNIGE_CUBESAT10
1 00290U 17021A   16303.82790574  .00000605  00000-0  72029-4 0  0016
2 00290  90.0000 100.0000 0000000 090.0000 344.0000 13.71901367460641
UNIGE_CUBESAT1
1 00291U 17021A   16303.82790574  .00000605  00000-0  72029-4 0  0017
2 00291  90.0000 104.0000 0000000 090.0000 020.0000 13.71901367460647
UNIGE_CUBESAT2
1 00292U 17021A   16303.82790574  .00000605  00000-0  72029-4 0  0018
2 00292  90.0000 104.0000 0000000 090.0000 056.0000 13.71901367460647
UNIGE_CUBESAT3
1 00293U 17021A   16303.82790574  .00000605  00000-0  72029-4 0  0019
2 00293  90.0000 104.0000 0000000 090.0000 092.0000 13.71901367460648
UNIGE_CUBESAT4
1 00294U 17021A   16303.82790574  .00000605  00000-0  72029-4 0  0010
2 00294  90.0000 104.0000 0000000 090.0000 128.0000 13.71901367460649
UNIGE_CUBESAT5
1 00295U 17021A   16303.82790574  .00000605  00000-0  72029-4 0  0011
2 00295  90.0000 104.0000 0000000 090.0000 164.0000 13.71901367460640
UNIGE_CUBESAT6
1 00296U 17021A   16303.82790574  .00000605  00000-0  72029-4 0  0012
2 00296  90.0000 104.0000 0000000 090.0000 200.0000 13.71901367460642
UNIGE_CUBESAT7
1 00297U 17021A   16303.82790574  .00000605  00000-0  72029-4 0  0013
2 00297  90.0000 104.0000 0000000 090.0000 236.0000 13.71901367460642
UNIGE_CUBESAT8
1 00298U 17021A   16303.82790574  .00000605  00000-0  72029-4 0  0014
2 00298  90.0000 104.0000 0000000 090.0000 272.0000 13.71901367460643
UNIGE_CUBESAT9
1 00299U 17021A   16303.82790574  .00000605  00000-0  72029-4 0  0015
2 00299  90.0000 104.0000 0000000 090.0000 308.0000 13.71901367460644
UNIGE_CUBESAT10
1 00300U 17021A   16303.82790574  .00000605  00000-0  72029-4 0  0018
2 00300  90.0000 104.0000 0000000 090.0000 344.0000 13.71901367460647
UNIGE_CUBESAT1
1 00301U 17021A   16303.82790574  .00000605  00000-0  72029-4 0  0019
2 00301  90.0000 108.0000 0000000 090.0000 021.0000 13.71901367460644
UNIGE_CUBESAT2
1 00302U 17021A   16303.82790574  .00000605  00000-0  72029-4 0  0010
2 00302  90.0000 108.0000 0000000 090.0000 057.0000 13.71901367460644
UNIGE_CUBESAT3
1 00303U 17021A   16303.82790574  .00000605  00000-0  72029-4 0  0011
2 00303  90.0000 108.0000 0000000 090.0000 093.0000 13.71901367460645
UNIGE_CUBESAT4
1 00304U 17021A   16303.82790574  .00000605  00000-0  72029-4 0  0012
2 00304  90.0000 108.0000 0000000 090.0000 129.0000 13.71901367460646
UNIGE_CUBESAT5
1 00305U 17021A   16303.82790574  .00000605  00000-0  72029-4 0  0013
2 00305  90.0000 108.0000 0000000 090.0000 165.0000 13.71901367460647
UNIGE_CUBESAT6
1 00306U 17021A   16303.82790574  .00000605  00000-0  72029-4 0  0014
2 00306  90.0000 108.0000 0000000 090.0000 201.0000 13.71901367460649
UNIGE_CUBESAT7
1 00307U 17021A   16303.82790574  .00000605  00000-0  72029-4 0  0015
2 00307  90.0000 108.0000 0000000 090.0000 237.0000 13.71901367460649
UNIGE_CUBESAT8
1 00308U 17021A   16303.82790574  .00000605  00000-0  72029-4 0  0016
2 00308  90.0000 108.0000 0000000 090.0000 273.0000 13.71901367460640
UNIGE_CUBESAT9
1 00309U 17021A   16303.82790574  .00000605  00000-0  72029-4 0  0017
2 00309  90.0000 108.0000 0000000 090.0000 309.0000 13.71901367460641
UNIGE_CUBESAT10
1 00310U 17021A   16303.82790574  .00000605  00000-0  72029-4 0  0019
2 00310  90.0000 108.0000 0000000 090.0000 345.0000 13.71901367460643
UNIGE_CUBESAT1
1 00311U 17021A   16303.82790574  .00000605  00000-0  72029-4 0  0010
2 00311  90.0000 111.0000 0000000 090.0000 022.0000 13.71901367460640
UNIGE_CUBESAT2
1 00312U 17021A   16303.82790574  .00000605  00000-0  72029-4 0  0011
2 00312  90.0000 111.0000 0000000 090.0000 058.0000 13.71901367460640
UNIGE_CUBESAT3
1 00313U 17021A   16303.82790574  .00000605  00000-0  72029-4 0  0012
2 00313  90.0000 111.0000 0000000 090.0000 094.0000 13.71901367460641
UNIGE_CUBESAT4
1 00314U 17021A   16303.82790574  .00000605  00000-0  72029-4 0  0013
2 00314  90.0000 111.0000 0000000 090.0000 130.0000 13.71901367460643
UNIGE_CUBESAT5
1 00315U 17021A   16303.82790574  .00000605  00000-0  72029-4 0  0014
2 00315  90.0000 111.0000 0000000 090.0000 166.0000 13.71901367460643
UNIGE_CUBESAT6
1 00316U 17021A   16303.82790574  .00000605  00000-0  72029-4 0  0015
2 00316  90.0000 111.0000 0000000 090.0000 202.0000 13.71901367460645
UNIGE_CUBESAT7
1 00317U 17021A   16303.82790574  .00000605  00000-0  72029-4 0  0016
2 00317  90.0000 111.0000 0000000 090.0000 238.0000 13.71901367460645
UNIGE_CUBESAT8
1 00318U 17021A   16303.82790574  .00000605  00000-0  72029-4 0  0017
2 00318  90.0000 111.0000 0000000 090.0000 274.0000 13.71901367460646
UNIGE_CUBESAT9
1 00319U 17021A   16303.82790574  .00000605  00000-0  72029-4 0  0018
2 00319  90.0000 111.0000 0000000 090.0000 310.0000 13.71901367460648
UNIGE_CUBESAT10
1 00320U 17021A   16303.82790574  .00000605  00000-0  72029-4 0  0010
2 00320  90.0000 111.0000 0000000 090.0000 346.0000 13.71901367460649
UNIGE_CUBESAT1
1 00321U 17021A   16303.82790574  .00000605  00000-0  72029-4 0  0011
2 00321  90.0000 115.0000 0000000 090.0000 023.0000 13.71901367460646
UNIGE_CUBESAT2
1 00322U 17021A   16303.82790574  .00000605  00000-0  72029-4 0  0012
2 00322  90.0000 115.0000 0000000 090.0000 059.0000 13.71901367460646
UNIGE_CUBESAT3
1 00323U 17021A   16303.82790574  .00000605  00000-0  72029-4 0  0013
2 00323  90.0000 115.0000 0000000 090.0000 095.0000 13.71901367460647
UNIGE_CUBESAT4
1 00324U 17021A   16303.82790574  .00000605  00000-0  72029-4 0  0014
2 00324  90.0000 115.0000 0000000 090.0000 131.0000 13.71901367460649
UNIGE_CUBESAT5
1 00325U 17021A   16303.82790574  .00000605  00000-0  72029-4 0  0015
2 00325  90.0000 115.0000 0000000 090.0000 167.0000 13.71901367460649
UNIGE_CUBESAT6
1 00326U 17021A   16303.82790574  .00000605  00000-0  72029-4 0  0016
2 00326  90.0000 115.0000 0000000 090.0000 203.0000 13.71901367460641
UNIGE_CUBESAT7
1 00327U 17021A   16303.82790574  .00000605  00000-0  72029-4 0  0017
2 00327  90.0000 115.0000 0000000 090.0000 239.0000 13.71901367460641
UNIGE_CUBESAT8
1 00328U 17021A   16303.82790574  .00000605  00000-0  72029-4 0  0018
2 00328  90.0000 115.0000 0000000 090.0000 275.0000 13.71901367460642
UNIGE_CUBESAT9
1 00329U 17021A   16303.82790574  .00000605  00000-0  72029-4 0  0019
2 00329  90.0000 115.0000 0000000 090.0000 311.0000 13.71901367460644
UNIGE_CUBESAT10
1 00330U 17021A   16303.82790574  .00000605  00000-0  72029-4 0  0011
2 00330  90.0000 115.0000 0000000 090.0000 347.0000 13.71901367460645
UNIGE_CUBESAT1
1 00331U 17021A   16303.82790574  .00000605  00000-0  72029-4 0  0012
2 00331  90.0000 118.0000 0000000 090.0000 023.0000 13.71901367460640
UNIGE_CUBESAT2
1 00332U 17021A   16303.82790574  .00000605  00000-0  72029-4 0  0013
2 00332  90.0000 118.0000 0000000 090.0000 059.0000 13.71901367460640
UNIGE_CUBESAT3
1 00333U 17021A   16303.82790574  .00000605  00000-0  72029-4 0  0014
2 00333  90.0000 118.0000 0000000 090.0000 095.0000 13.71901367460641
UNIGE_CUBESAT4
1 00334U 17021A   16303.82790574  .00000605  00000-0  72029-4 0  0015
2 00334  90.0000 118.0000 0000000 090.0000 131.0000 13.71901367460643
UNIGE_CUBESAT5
1 00335U 17021A   16303.82790574  .00000605  00000-0  72029-4 0  0016
2 00335  90.0000 118.0000 0000000 090.0000 167.0000 13.71901367460643
UNIGE_CUBESAT6
1 00336U 17021A   16303.82790574  .00000605  00000-0  72029-4 0  0017
2 00336  90.0000 118.0000 0000000 090.0000 203.0000 13.71901367460645
UNIGE_CUBESAT7
1 00337U 17021A   16303.82790574  .00000605  00000-0  72029-4 0  0018
2 00337  90.0000 118.0000 0000000 090.0000 239.0000 13.71901367460645
UNIGE_CUBESAT8
1 00338U 17021A   16303.82790574  .00000605  00000-0  72029-4 0  0019
2 00338  90.0000 118.0000 0000000 090.0000 275.0000 13.71901367460646
UNIGE_CUBESAT9
1 00339U 17021A   16303.82790574  .00000605  00000-0  72029-4 0  0010
2 00339  90.0000 118.0000 0000000 090.0000 311.0000 13.71901367460648
UNIGE_CUBESAT10
1 00340U 17021A   16303.82790574  .00000605  00000-0  72029-4 0  0012
2 00340  90.0000 118.0000 0000000 090.0000 347.0000 13.71901367460649
UNIGE_CUBESAT1
1 00341U 17021A   16303.82790574  .00000605  00000-0  72029-4 0  0013
2 00341  90.0000 122.0000 0000000 090.0000 024.0000 13.71901367460647
UNIGE_CUBESAT2
1 00342U 17021A   16303.82790574  .00000605  00000-0  72029-4 0  0014
2 00342  90.0000 122.0000 0000000 090.0000 060.0000 13.71901367460648
UNIGE_CUBESAT3
1 00343U 17021A   16303.82790574  .00000605  00000-0  72029-4 0  0015
2 00343  90.0000 122.0000 0000000 090.0000 096.0000 13.71901367460648
UNIGE_CUBESAT4
1 00344U 17021A   16303.82790574  .00000605  00000-0  72029-4 0  0016
2 00344  90.0000 122.0000 0000000 090.0000 132.0000 13.71901367460640
UNIGE_CUBESAT5
1 00345U 17021A   16303.82790574  .00000605  00000-0  72029-4 0  0017
2 00345  90.0000 122.0000 0000000 090.0000 168.0000 13.71901367460640
UNIGE_CUBESAT6
1 00346U 17021A   16303.82790574  .00000605  00000-0  72029-4 0  0018
2 00346  90.0000 122.0000 0000000 090.0000 204.0000 13.71901367460642
UNIGE_CUBESAT7
1 00347U 17021A   16303.82790574  .00000605  00000-0  72029-4 0  0019
2 00347  90.0000 122.0000 0000000 090.0000 240.0000 13.71901367460643
UNIGE_CUBESAT8
1 00348U 17021A   16303.82790574  .00000605  00000-0  72029-4 0  0010
2 00348  90.0000 122.0000 0000000 090.0000 276.0000 13.71901367460643
UNIGE_CUBESAT9
1 00349U 17021A   16303.82790574  .00000605  00000-0  72029-4 0  0011
2 00349  90.0000 122.0000 0000000 090.0000 312.0000 13.71901367460645
UNIGE_CUBESAT10
1 00350U 17021A   16303.82790574  .00000605  00000-0  72029-4 0  0013
2 00350  90.0000 122.0000 0000000 090.0000 348.0000 13.71901367460646
UNIGE_CUBESAT1
1 00351U 17021A   16303.82790574  .00000605  00000-0  72029-4 0  0014
2 00351  90.0000 126.0000 0000000 090.0000 025.0000 13.71901367460643
UNIGE_CUBESAT2
1 00352U 17021A   16303.82790574  .00000605  00000-0  72029-4 0  0015
2 00352  90.0000 126.0000 0000000 090.0000 061.0000 13.71901367460644
UNIGE_CUBESAT3
1 00353U 17021A   16303.82790574  .00000605  00000-0  72029-4 0  0016
2 00353  90.0000 126.0000 0000000 090.0000 097.0000 13.71901367460644
UNIGE_CUBESAT4
1 00354U 17021A   16303.82790574  .00000605  00000-0  72029-4 0  0017
2 00354  90.0000 126.0000 0000000 090.0000 133.0000 13.71901367460646
UNIGE_CUBESAT5
1 00355U 17021A   16303.82790574  .00000605  00000-0  72029-4 0  0018
2 00355  90.0000 126.0000 0000000 090.0000 169.0000 13.71901367460646
UNIGE_CUBESAT6
1 00356U 17021A   16303.82790574  .00000605  00000-0  72029-4 0  0019
2 00356  90.0000 126.0000 0000000 090.0000 205.0000 13.71901367460648
UNIGE_CUBESAT7
1 00357U 17021A   16303.82790574  .00000605  00000-0  72029-4 0  0010
2 00357  90.0000 126.0000 0000000 090.0000 241.0000 13.71901367460649
UNIGE_CUBESAT8
1 00358U 17021A   16303.82790574  .00000605  00000-0  72029-4 0  0011
2 00358  90.0000 126.0000 0000000 090.0000 277.0000 13.71901367460649
UNIGE_CUBESAT9
1 00359U 17021A   16303.82790574  .00000605  00000-0  72029-4 0  0012
2 00359  90.0000 126.0000 0000000 090.0000 313.0000 13.71901367460641
UNIGE_CUBESAT10
1 00360U 17021A   16303.82790574  .00000605  00000-0  72029-4 0  0014
2 00360  90.0000 126.0000 0000000 090.0000 349.0000 13.71901367460642
UNIGE_CUBESAT1
1 00361U 17021A   16303.82790574  .00000605  00000-0  72029-4 0  0015
2 00361  90.0000 129.0000 0000000 090.0000 025.0000 13.71901367460647
UNIGE_CUBESAT2
1 00362U 17021A   16303.82790574  .00000605  00000-0  72029-4 0  0016
2 00362  90.0000 129.0000 0000000 090.0000 061.0000 13.71901367460648
UNIGE_CUBESAT3
1 00363U 17021A   16303.82790574  .00000605  00000-0  72029-4 0  0017
2 00363  90.0000 129.0000 0000000 090.0000 097.0000 13.71901367460648
UNIGE_CUBESAT4
1 00364U 17021A   16303.82790574  .00000605  00000-0  72029-4 0  0018
2 00364  90.0000 129.0000 0000000 090.0000 133.0000 13.71901367460640
UNIGE_CUBESAT5
1 00365U 17021A   16303.82790574  .00000605  00000-0  72029-4 0  0019
2 00365  90.0000 129.0000 0000000 090.0000 169.0000 13.71901367460640
UNIGE_CUBESAT6
1 00366U 17021A   16303.82790574  .00000605  00000-0  72029-4 0  0010
2 00366  90.0000 129.0000 0000000 090.0000 205.0000 13.71901367460642
UNIGE_CUBESAT7
1 00367U 17021A   16303.82790574  .00000605  00000-0  72029-4 0  0011
2 00367  90.0000 129.0000 0000000 090.0000 241.0000 13.71901367460643
UNIGE_CUBESAT8
1 00368U 17021A   16303.82790574  .00000605  00000-0  72029-4 0  0012
2 00368  90.0000 129.0000 0000000 090.0000 277.0000 13.71901367460643
UNIGE_CUBESAT9
1 00369U 17021A   16303.82790574  .00000605  00000-0  72029-4 0  0013
2 00369  90.0000 129.0000 0000000 090.0000 313.0000 13.71901367460645
UNIGE_CUBESAT10
1 00370U 17021A   16303.82790574  .00000605  00000-0  72029-4 0  0015
2 00370  90.0000 129.0000 0000000 090.0000 349.0000 13.71901367460646
UNIGE_CUBESAT1
1 00371U 17021A   16303.82790574  .00000605  00000-0  72029-4 0  0016
2 00371  90.0000 133.0000 0000000 090.0000 026.0000 13.71901367460644
UNIGE_CUBESAT2
1 00372U 17021A   16303.82790574  .00000605  00000-0  72029-4 0  0017
2 00372  90.0000 133.0000 0000000 090.0000 062.0000 13.71901367460645
UNIGE_CUBESAT3
1 00373U 17021A   16303.82790574  .00000605  00000-0  72029-4 0  0018
2 00373  90.0000 133.0000 0000000 090.0000 098.0000 13.71901367460645
UNIGE_CUBESAT4
1 00374U 17021A   16303.82790574  .00000605  00000-0  72029-4 0  0019
2 00374  90.0000 133.0000 0000000 090.0000 134.0000 13.71901367460647
UNIGE_CUBESAT5
1 00375U 17021A   16303.82790574  .00000605  00000-0  72029-4 0  0010
2 00375  90.0000 133.0000 0000000 090.0000 170.0000 13.71901367460648
UNIGE_CUBESAT6
1 00376U 17021A   16303.82790574  .00000605  00000-0  72029-4 0  0011
2 00376  90.0000 133.0000 0000000 090.0000 206.0000 13.71901367460649
UNIGE_CUBESAT7
1 00377U 17021A   16303.82790574  .00000605  00000-0  72029-4 0  0012
2 00377  90.0000 133.0000 0000000 090.0000 242.0000 13.71901367460640
UNIGE_CUBESAT8
1 00378U 17021A   16303.82790574  .00000605  00000-0  72029-4 0  0013
2 00378  90.0000 133.0000 0000000 090.0000 278.0000 13.71901367460640
UNIGE_CUBESAT9
1 00379U 17021A   16303.82790574  .00000605  00000-0  72029-4 0  0014
2 00379  90.0000 133.0000 0000000 090.0000 314.0000 13.71901367460642
UNIGE_CUBESAT10
1 00380U 17021A   16303.82790574  .00000605  00000-0  72029-4 0  0016
2 00380  90.0000 133.0000 0000000 090.0000 350.0000 13.71901367460644
UNIGE_CUBESAT1
1 00381U 17021A   16303.82790574  .00000605  00000-0  72029-4 0  0017
2 00381  90.0000 136.0000 0000000 090.0000 027.0000 13.71901367460649
UNIGE_CUBESAT2
1 00382U 17021A   16303.82790574  .00000605  00000-0  72029-4 0  0018
2 00382  90.0000 136.0000 0000000 090.0000 063.0000 13.71901367460640
UNIGE_CUBESAT3
1 00383U 17021A   16303.82790574  .00000605  00000-0  72029-4 0  0019
2 00383  90.0000 136.0000 0000000 090.0000 099.0000 13.71901367460640
UNIGE_CUBESAT4
1 00384U 17021A   16303.82790574  .00000605  00000-0  72029-4 0  0010
2 00384  90.0000 136.0000 0000000 090.0000 135.0000 13.71901367460642
UNIGE_CUBESAT5
1 00385U 17021A   16303.82790574  .00000605  00000-0  72029-4 0  0011
2 00385  90.0000 136.0000 0000000 090.0000 171.0000 13.71901367460643
UNIGE_CUBESAT6
1 00386U 17021A   16303.82790574  .00000605  00000-0  72029-4 0  0012
2 00386  90.0000 136.0000 0000000 090.0000 207.0000 13.71901367460644
UNIGE_CUBESAT7
1 00387U 17021A   16303.82790574  .00000605  00000-0  72029-4 0  0013
2 00387  90.0000 136.0000 0000000 090.0000 243.0000 13.71901367460645
UNIGE_CUBESAT8
1 00388U 17021A   16303.82790574  .00000605  00000-0  72029-4 0  0014
2 00388  90.0000 136.0000 0000000 090.0000 279.0000 13.71901367460645
UNIGE_CUBESAT9
1 00389U 17021A   16303.82790574  .00000605  00000-0  72029-4 0  0015
2 00389  90.0000 136.0000 0000000 090.0000 315.0000 13.71901367460647
UNIGE_CUBESAT10
1 00390U 17021A   16303.82790574  .00000605  00000-0  72029-4 0  0017
2 00390  90.0000 136.0000 0000000 090.0000 351.0000 13.71901367460649
UNIGE_CUBESAT1
1 00391U 17021A   16303.82790574  .00000605  00000-0  72029-4 0  0018
2 00391  90.0000 140.0000 0000000 090.0000 028.0000 13.71901367460646
UNIGE_CUBESAT2
1 00392U 17021A   16303.82790574  .00000605  00000-0  72029-4 0  0019
2 00392  90.0000 140.0000 0000000 090.0000 064.0000 13.71901367460647
UNIGE_CUBESAT3
1 00393U 17021A   16303.82790574  .00000605  00000-0  72029-4 0  0010
2 00393  90.0000 140.0000 0000000 090.0000 100.0000 13.71901367460649
UNIGE_CUBESAT4
1 00394U 17021A   16303.82790574  .00000605  00000-0  72029-4 0  0011
2 00394  90.0000 140.0000 0000000 090.0000 136.0000 13.71901367460649
UNIGE_CUBESAT5
1 00395U 17021A   16303.82790574  .00000605  00000-0  72029-4 0  0012
2 00395  90.0000 140.0000 0000000 090.0000 172.0000 13.71901367460640
UNIGE_CUBESAT6
1 00396U 17021A   16303.82790574  .00000605  00000-0  72029-4 0  0013
2 00396  90.0000 140.0000 0000000 090.0000 208.0000 13.71901367460641
UNIGE_CUBESAT7
1 00397U 17021A   16303.82790574  .00000605  00000-0  72029-4 0  0014
2 00397  90.0000 140.0000 0000000 090.0000 244.0000 13.71901367460642
UNIGE_CUBESAT8
1 00398U 17021A   16303.82790574  .00000605  00000-0  72029-4 0  0015
2 00398  90.0000 140.0000 0000000 090.0000 280.0000 13.71901367460643
UNIGE_CUBESAT9
1 00399U 17021A   16303.82790574  .00000605  00000-0  72029-4 0  0016
2 00399  90.0000 140.0000 0000000 090.0000 316.0000 13.71901367460644
UNIGE_CUBESAT10
1 00400U 17021A   16303.82790574  .00000605  00000-0  72029-4 0  0019
2 00400  90.0000 140.0000 0000000 090.0000 352.0000 13.71901367460647
UNIGE_CUBESAT1
1 00401U 17021A   16303.82790574  .00000605  00000-0  72029-4 0  0010
2 00401  90.0000 144.0000 0000000 090.0000 028.0000 13.71901367460642
UNIGE_CUBESAT2
1 00402U 17021A   16303.82790574  .00000605  00000-0  72029-4 0  0011
2 00402  90.0000 144.0000 0000000 090.0000 064.0000 13.71901367460643
UNIGE_CUBESAT3
1 00403U 17021A   16303.82790574  .00000605  00000-0  72029-4 0  0012
2 00403  90.0000 144.0000 0000000 090.0000 100.0000 13.71901367460645
UNIGE_CUBESAT4
1 00404U 17021A   16303.82790574  .00000605  00000-0  72029-4 0  0013
2 00404  90.0000 144.0000 0000000 090.0000 136.0000 13.71901367460645
UNIGE_CUBESAT5
1 00405U 17021A   16303.82790574  .00000605  00000-0  72029-4 0  0014
2 00405  90.0000 144.0000 0000000 090.0000 172.0000 13.71901367460646
UNIGE_CUBESAT6
1 00406U 17021A   16303.82790574  .00000605  00000-0  72029-4 0  0015
2 00406  90.0000 144.0000 0000000 090.0000 208.0000 13.71901367460647
UNIGE_CUBESAT7
1 00407U 17021A   16303.82790574  .00000605  00000-0  72029-4 0  0016
2 00407  90.0000 144.0000 0000000 090.0000 244.0000 13.71901367460648
UNIGE_CUBESAT8
1 00408U 17021A   16303.82790574  .00000605  00000-0  72029-4 0  0017
2 00408  90.0000 144.0000 0000000 090.0000 280.0000 13.71901367460649
UNIGE_CUBESAT9
1 00409U 17021A   16303.82790574  .00000605  00000-0  72029-4 0  0018
2 00409  90.0000 144.0000 0000000 090.0000 316.0000 13.71901367460640
UNIGE_CUBESAT10
1 00410U 17021A   16303.82790574  .00000605  00000-0  72029-4 0  0010
2 00410  90.0000 144.0000 0000000 090.0000 352.0000 13.71901367460642
UNIGE_CUBESAT1
1 00411U 17021A   16303.82790574  .00000605  00000-0  72029-4 0  0011
2 00411  90.0000 147.0000 0000000 090.0000 029.0000 13.71901367460647
UNIGE_CUBESAT2
1 00412U 17021A   16303.82790574  .00000605  00000-0  72029-4 0  0012
2 00412  90.0000 147.0000 0000000 090.0000 065.0000 13.71901367460648
UNIGE_CUBESAT3
1 00413U 17021A   16303.82790574  .00000605  00000-0  72029-4 0  0013
2 00413  90.0000 147.0000 0000000 090.0000 101.0000 13.71901367460640
UNIGE_CUBESAT4
1 00414U 17021A   16303.82790574  .00000605  00000-0  72029-4 0  0014
2 00414  90.0000 147.0000 0000000 090.0000 137.0000 13.71901367460640
UNIGE_CUBESAT5
1 00415U 17021A   16303.82790574  .00000605  00000-0  72029-4 0  0015
2 00415  90.0000 147.0000 0000000 090.0000 173.0000 13.71901367460641
UNIGE_CUBESAT6
1 00416U 17021A   16303.82790574  .00000605  00000-0  72029-4 0  0016
2 00416  90.0000 147.0000 0000000 090.0000 209.0000 13.71901367460642
UNIGE_CUBESAT7
1 00417U 17021A   16303.82790574  .00000605  00000-0  72029-4 0  0017
2 00417  90.0000 147.0000 0000000 090.0000 245.0000 13.71901367460643
UNIGE_CUBESAT8
1 00418U 17021A   16303.82790574  .00000605  00000-0  72029-4 0  0018
2 00418  90.0000 147.0000 0000000 090.0000 281.0000 13.71901367460644
UNIGE_CUBESAT9
1 00419U 17021A   16303.82790574  .00000605  00000-0  72029-4 0  0019
2 00419  90.0000 147.0000 0000000 090.0000 317.0000 13.71901367460645
UNIGE_CUBESAT10
1 00420U 17021A   16303.82790574  .00000605  00000-0  72029-4 0  0011
2 00420  90.0000 147.0000 0000000 090.0000 353.0000 13.71901367460647
UNIGE_CUBESAT1
1 00421U 17021A   16303.82790574  .00000605  00000-0  72029-4 0  0012
2 00421  90.0000 151.0000 0000000 090.0000 030.0000 13.71901367460645
UNIGE_CUBESAT2
1 00422U 17021A   16303.82790574  .00000605  00000-0  72029-4 0  0013
2 00422  90.0000 151.0000 0000000 090.0000 066.0000 13.71901367460645
UNIGE_CUBESAT3
1 00423U 17021A   16303.82790574  .00000605  00000-0  72029-4 0  0014
2 00423  90.0000 151.0000 0000000 090.0000 102.0000 13.71901367460647
UNIGE_CUBESAT4
1 00424U 17021A   16303.82790574  .00000605  00000-0  72029-4 0  0015
2 00424  90.0000 151.0000 0000000 090.0000 138.0000 13.71901367460647
UNIGE_CUBESAT5
1 00425U 17021A   16303.82790574  .00000605  00000-0  72029-4 0  0016
2 00425  90.0000 151.0000 0000000 090.0000 174.0000 13.71901367460648
UNIGE_CUBESAT6
1 00426U 17021A   16303.82790574  .00000605  00000-0  72029-4 0  0017
2 00426  90.0000 151.0000 0000000 090.0000 210.0000 13.71901367460640
UNIGE_CUBESAT7
1 00427U 17021A   16303.82790574  .00000605  00000-0  72029-4 0  0018
2 00427  90.0000 151.0000 0000000 090.0000 246.0000 13.71901367460640
UNIGE_CUBESAT8
1 00428U 17021A   16303.82790574  .00000605  00000-0  72029-4 0  0019
2 00428  90.0000 151.0000 0000000 090.0000 282.0000 13.71901367460641
UNIGE_CUBESAT9
1 00429U 17021A   16303.82790574  .00000605  00000-0  72029-4 0  0010
2 00429  90.0000 151.0000 0000000 090.0000 318.0000 13.71901367460642
UNIGE_CUBESAT10
1 00430U 17021A   16303.82790574  .00000605  00000-0  72029-4 0  0012
2 00430  90.0000 151.0000 0000000 090.0000 354.0000 13.71901367460644
UNIGE_CUBESAT1
1 00431U 17021A   16303.82790574  .00000605  00000-0  72029-4 0  0013
2 00431  90.0000 154.0000 0000000 090.0000 030.0000 13.71901367460649
UNIGE_CUBESAT2
1 00432U 17021A   16303.82790574  .00000605  00000-0  72029-4 0  0014
2 00432  90.0000 154.0000 0000000 090.0000 066.0000 13.71901367460649
UNIGE_CUBESAT3
1 00433U 17021A   16303.82790574  .00000605  00000-0  72029-4 0  0015
2 00433  90.0000 154.0000 0000000 090.0000 102.0000 13.71901367460641
UNIGE_CUBESAT4
1 00434U 17021A   16303.82790574  .00000605  00000-0  72029-4 0  0016
2 00434  90.0000 154.0000 0000000 090.0000 138.0000 13.71901367460641
UNIGE_CUBESAT5
1 00435U 17021A   16303.82790574  .00000605  00000-0  72029-4 0  0017
2 00435  90.0000 154.0000 0000000 090.0000 174.0000 13.71901367460642
UNIGE_CUBESAT6
1 00436U 17021A   16303.82790574  .00000605  00000-0  72029-4 0  0018
2 00436  90.0000 154.0000 0000000 090.0000 210.0000 13.71901367460644
UNIGE_CUBESAT7
1 00437U 17021A   16303.82790574  .00000605  00000-0  72029-4 0  0019
2 00437  90.0000 154.0000 0000000 090.0000 246.0000 13.71901367460644
UNIGE_CUBESAT8
1 00438U 17021A   16303.82790574  .00000605  00000-0  72029-4 0  0010
2 00438  90.0000 154.0000 0000000 090.0000 282.0000 13.71901367460645
UNIGE_CUBESAT9
1 00439U 17021A   16303.82790574  .00000605  00000-0  72029-4 0  0011
2 00439  90.0000 154.0000 0000000 090.0000 318.0000 13.71901367460646
UNIGE_CUBESAT10
1 00440U 17021A   16303.82790574  .00000605  00000-0  72029-4 0  0013
2 00440  90.0000 154.0000 0000000 090.0000 354.0000 13.71901367460648
UNIGE_CUBESAT1
1 00441U 17021A   16303.82790574  .00000605  00000-0  72029-4 0  0014
2 00441  90.0000 158.0000 0000000 090.0000 031.0000 13.71901367460645
UNIGE_CUBESAT2
1 00442U 17021A   16303.82790574  .00000605  00000-0  72029-4 0  0015
2 00442  90.0000 158.0000 0000000 090.0000 067.0000 13.71901367460645
UNIGE_CUBESAT3
1 00443U 17021A   16303.82790574  .00000605  00000-0  72029-4 0  0016
2 00443  90.0000 158.0000 0000000 090.0000 103.0000 13.71901367460647
UNIGE_CUBESAT4
1 00444U 17021A   16303.82790574  .00000605  00000-0  72029-4 0  0017
2 00444  90.0000 158.0000 0000000 090.0000 139.0000 13.71901367460647
UNIGE_CUBESAT5
1 00445U 17021A   16303.82790574  .00000605  00000-0  72029-4 0  0018
2 00445  90.0000 158.0000 0000000 090.0000 175.0000 13.71901367460648
UNIGE_CUBESAT6
1 00446U 17021A   16303.82790574  .00000605  00000-0  72029-4 0  0019
2 00446  90.0000 158.0000 0000000 090.0000 211.0000 13.71901367460640
UNIGE_CUBESAT7
1 00447U 17021A   16303.82790574  .00000605  00000-0  72029-4 0  0010
2 00447  90.0000 158.0000 0000000 090.0000 247.0000 13.71901367460640
UNIGE_CUBESAT8
1 00448U 17021A   16303.82790574  .00000605  00000-0  72029-4 0  0011
2 00448  90.0000 158.0000 0000000 090.0000 283.0000 13.71901367460641
UNIGE_CUBESAT9
1 00449U 17021A   16303.82790574  .00000605  00000-0  72029-4 0  0012
2 00449  90.0000 158.0000 0000000 090.0000 319.0000 13.71901367460642
UNIGE_CUBESAT10
1 00450U 17021A   16303.82790574  .00000605  00000-0  72029-4 0  0014
2 00450  90.0000 158.0000 0000000 090.0000 355.0000 13.71901367460644
UNIGE_CUBESAT1
1 00451U 17021A   16303.82790574  .00000605  00000-0  72029-4 0  0015
2 00451  90.0000 162.0000 0000000 090.0000 032.0000 13.71901367460642
UNIGE_CUBESAT2
1 00452U 17021A   16303.82790574  .00000605  00000-0  72029-4 0  0016
2 00452  90.0000 162.0000 0000000 090.0000 068.0000 13.71901367460642
UNIGE_CUBESAT3
1 00453U 17021A   16303.82790574  .00000605  00000-0  72029-4 0  0017
2 00453  90.0000 162.0000 0000000 090.0000 104.0000 13.71901367460644
UNIGE_CUBESAT4
1 00454U 17021A   16303.82790574  .00000605  00000-0  72029-4 0  0018
2 00454  90.0000 162.0000 0000000 090.0000 140.0000 13.71901367460645
UNIGE_CUBESAT5
1 00455U 17021A   16303.82790574  .00000605  00000-0  72029-4 0  0019
2 00455  90.0000 162.0000 0000000 090.0000 176.0000 13.71901367460645
UNIGE_CUBESAT6
1 00456U 17021A   16303.82790574  .00000605  00000-0  72029-4 0  0010
2 00456  90.0000 162.0000 0000000 090.0000 212.0000 13.71901367460647
UNIGE_CUBESAT7
1 00457U 17021A   16303.82790574  .00000605  00000-0  72029-4 0  0011
2 00457  90.0000 162.0000 0000000 090.0000 248.0000 13.71901367460647
UNIGE_CUBESAT8
1 00458U 17021A   16303.82790574  .00000605  00000-0  72029-4 0  0012
2 00458  90.0000 162.0000 0000000 090.0000 284.0000 13.71901367460648
UNIGE_CUBESAT9
1 00459U 17021A   16303.82790574  .00000605  00000-0  72029-4 0  0013
2 00459  90.0000 162.0000 0000000 090.0000 320.0000 13.71901367460640
UNIGE_CUBESAT10
1 00460U 17021A   16303.82790574  .00000605  00000-0  72029-4 0  0015
2 00460  90.0000 162.0000 0000000 090.0000 356.0000 13.71901367460641
UNIGE_CUBESAT1
1 00461U 17021A   16303.82790574  .00000605  00000-0  72029-4 0  0016
2 00461  90.0000 165.0000 0000000 090.0000 033.0000 13.71901367460647
UNIGE_CUBESAT2
1 00462U 17021A   16303.82790574  .00000605  00000-0  72029-4 0  0017
2 00462  90.0000 165.0000 0000000 090.0000 069.0000 13.71901367460647
UNIGE_CUBESAT3
1 00463U 17021A   16303.82790574  .00000605  00000-0  72029-4 0  0018
2 00463  90.0000 165.0000 0000000 090.0000 105.0000 13.71901367460649
UNIGE_CUBESAT4
1 00464U 17021A   16303.82790574  .00000605  00000-0  72029-4 0  0019
2 00464  90.0000 165.0000 0000000 090.0000 141.0000 13.71901367460640
UNIGE_CUBESAT5
1 00465U 17021A   16303.82790574  .00000605  00000-0  72029-4 0  0010
2 00465  90.0000 165.0000 0000000 090.0000 177.0000 13.71901367460640
UNIGE_CUBESAT6
1 00466U 17021A   16303.82790574  .00000605  00000-0  72029-4 0  0011
2 00466  90.0000 165.0000 0000000 090.0000 213.0000 13.71901367460642
UNIGE_CUBESAT7
1 00467U 17021A   16303.82790574  .00000605  00000-0  72029-4 0  0012
2 00467  90.0000 165.0000 0000000 090.0000 249.0000 13.71901367460642
UNIGE_CUBESAT8
1 00468U 17021A   16303.82790574  .00000605  00000-0  72029-4 0  0013
2 00468  90.0000 165.0000 0000000 090.0000 285.0000 13.71901367460643
UNIGE_CUBESAT9
1 00469U 17021A   16303.82790574  .00000605  00000-0  72029-4 0  0014
2 00469  90.0000 165.0000 0000000 090.0000 321.0000 13.71901367460645
UNIGE_CUBESAT10
1 00470U 17021A   16303.82790574  .00000605  00000-0  72029-4 0  0016
2 00470  90.0000 165.0000 0000000 090.0000 357.0000 13.71901367460646
UNIGE_CUBESAT1
1 00471U 17021A   16303.82790574  .00000605  00000-0  72029-4 0  0017
2 00471  90.0000 169.0000 0000000 090.0000 033.0000 13.71901367460642
UNIGE_CUBESAT2
1 00472U 17021A   16303.82790574  .00000605  00000-0  72029-4 0  0018
2 00472  90.0000 169.0000 0000000 090.0000 069.0000 13.71901367460642
UNIGE_CUBESAT3
1 00473U 17021A   16303.82790574  .00000605  00000-0  72029-4 0  0019
2 00473  90.0000 169.0000 0000000 090.0000 105.0000 13.71901367460644
UNIGE_CUBESAT4
1 00474U 17021A   16303.82790574  .00000605  00000-0  72029-4 0  0010
2 00474  90.0000 169.0000 0000000 090.0000 141.0000 13.71901367460645
UNIGE_CUBESAT5
1 00475U 17021A   16303.82790574  .00000605  00000-0  72029-4 0  0011
2 00475  90.0000 169.0000 0000000 090.0000 177.0000 13.71901367460645
UNIGE_CUBESAT6
1 00476U 17021A   16303.82790574  .00000605  00000-0  72029-4 0  0012
2 00476  90.0000 169.0000 0000000 090.0000 213.0000 13.71901367460647
UNIGE_CUBESAT7
1 00477U 17021A   16303.82790574  .00000605  00000-0  72029-4 0  0013
2 00477  90.0000 169.0000 0000000 090.0000 249.0000 13.71901367460647
UNIGE_CUBESAT8
1 00478U 17021A   16303.82790574  .00000605  00000-0  72029-4 0  0014
2 00478  90.0000 169.0000 0000000 090.0000 285.0000 13.71901367460648
UNIGE_CUBESAT9
1 00479U 17021A   16303.82790574  .00000605  00000-0  72029-4 0  0015
2 00479  90.0000 169.0000 0000000 090.0000 321.0000 13.71901367460640
UNIGE_CUBESAT10
1 00480U 17021A   16303.82790574  .00000605  00000-0  72029-4 0  0017
2 00480  90.0000 169.0000 0000000 090.0000 357.0000 13.71901367460641
UNIGE_CUBESAT1
1 00481U 17021A   16303.82790574  .00000605  00000-0  72029-4 0  0018
2 00481  90.0000 172.0000 0000000 090.0000 034.0000 13.71901367460648
UNIGE_CUBESAT2
1 00482U 17021A   16303.82790574  .00000605  00000-0  72029-4 0  0019
2 00482  90.0000 172.0000 0000000 090.0000 070.0000 13.71901367460649
UNIGE_CUBESAT3
1 00483U 17021A   16303.82790574  .00000605  00000-0  72029-4 0  0010
2 00483  90.0000 172.0000 0000000 090.0000 106.0000 13.71901367460640
UNIGE_CUBESAT4
1 00484U 17021A   16303.82790574  .00000605  00000-0  72029-4 0  0011
2 00484  90.0000 172.0000 0000000 090.0000 142.0000 13.71901367460641
UNIGE_CUBESAT5
1 00485U 17021A   16303.82790574  .00000605  00000-0  72029-4 0  0012
2 00485  90.0000 172.0000 0000000 090.0000 178.0000 13.71901367460641
UNIGE_CUBESAT6
1 00486U 17021A   16303.82790574  .00000605  00000-0  72029-4 0  0013
2 00486  90.0000 172.0000 0000000 090.0000 214.0000 13.71901367460643
UNIGE_CUBESAT7
1 00487U 17021A   16303.82790574  .00000605  00000-0  72029-4 0  0014
2 00487  90.0000 172.0000 0000000 090.0000 250.0000 13.71901367460644
UNIGE_CUBESAT8
1 00488U 17021A   16303.82790574  .00000605  00000-0  72029-4 0  0015
2 00488  90.0000 172.0000 0000000 090.0000 286.0000 13.71901367460644
UNIGE_CUBESAT9
1 00489U 17021A   16303.82790574  .00000605  00000-0  72029-4 0  0016
2 00489  90.0000 172.0000 0000000 090.0000 322.0000 13.71901367460646
UNIGE_CUBESAT10
1 00490U 17021A   16303.82790574  .00000605  00000-0  72029-4 0  0018
2 00490  90.0000 172.0000 0000000 090.0000 358.0000 13.71901367460647
UNIGE_CUBESAT1
1 00491U 17021A   16303.82790574  .00000605  00000-0  72029-4 0  0019
2 00491  90.0000 176.0000 0000000 090.0000 035.0000 13.71901367460644
UNIGE_CUBESAT2
1 00492U 17021A   16303.82790574  .00000605  00000-0  72029-4 0  0010
2 00492  90.0000 176.0000 0000000 090.0000 071.0000 13.71901367460645
UNIGE_CUBESAT3
1 00493U 17021A   16303.82790574  .00000605  00000-0  72029-4 0  0011
2 00493  90.0000 176.0000 0000000 090.0000 107.0000 13.71901367460646
UNIGE_CUBESAT4
1 00494U 17021A   16303.82790574  .00000605  00000-0  72029-4 0  0012
2 00494  90.0000 176.0000 0000000 090.0000 143.0000 13.71901367460647
UNIGE_CUBESAT5
1 00495U 17021A   16303.82790574  .00000605  00000-0  72029-4 0  0013
2 00495  90.0000 176.0000 0000000 090.0000 179.0000 13.71901367460647
UNIGE_CUBESAT6
1 00496U 17021A   16303.82790574  .00000605  00000-0  72029-4 0  0014
2 00496  90.0000 176.0000 0000000 090.0000 215.0000 13.71901367460649
UNIGE_CUBESAT7
1 00497U 17021A   16303.82790574  .00000605  00000-0  72029-4 0  0015
2 00497  90.0000 176.0000 0000000 090.0000 251.0000 13.71901367460640
UNIGE_CUBESAT8
1 00498U 17021A   16303.82790574  .00000605  00000-0  72029-4 0  0016
2 00498  90.0000 176.0000 0000000 090.0000 287.0000 13.71901367460640
UNIGE_CUBESAT9
1 00499U 17021A   16303.82790574  .00000605  00000-0  72029-4 0  0017
2 00499  90.0000 176.0000 0000000 090.0000 323.0000 13.71901367460642
UNIGE_CUBESAT10
1 00500U 17021A   16303.82790574  .00000605  00000-0  72029-4 0  0010
2 00500  90.0000 176.0000 0000000 090.0000 359.0000 13.71901367460644
