UNIGE_CUBESAT1
1 00001U 17021A   16303.82790574  .00000605  00000-0  72029-4 0  0016
2 00001  90.0000 000.0000 0000000 090.0000 000.0000 13.71901367460649
UNIGE_CUBESAT2
1 00002U 17021A   16303.82790574  .00000605  00000-0  72029-4 0  0017
2 00002  90.0000 000.0000 0000000 090.0000 036.0000 13.71901367460649
UNIGE_CUBESAT3
1 00003U 17021A   16303.82790574  .00000605  00000-0  72029-4 0  0018
2 00003  90.0000 000.0000 0000000 090.0000 072.0000 13.71901367460640
UNIGE_CUBESAT4
1 00004U 17021A   16303.82790574  .00000605  00000-0  72029-4 0  0019
2 00004  90.0000 000.0000 0000000 090.0000 108.0000 13.71901367460641
UNIGE_CUBESAT5
1 00005U 17021A   16303.82790574  .00000605  00000-0  72029-4 0  0010
2 00005  90.0000 000.0000 0000000 090.0000 144.0000 13.71901367460642
UNIGE_CUBESAT6
1 00006U 17021A   16303.82790574  .00000605  00000-0  72029-4 0  0011
2 00006  90.0000 000.0000 0000000 090.0000 180.0000 13.71901367460643
UNIGE_CUBESAT7
1 00007U 17021A   16303.82790574  .00000605  00000-0  72029-4 0  0012
2 00007  90.0000 000.0000 0000000 090.0000 216.0000 13.71901367460644
UNIGE_CUBESAT8
1 00008U 17021A   16303.82790574  .00000605  00000-0  72029-4 0  0013
2 00008  90.0000 000.0000 0000000 090.0000 252.0000 13.71901367460645
UNIGE_CUBESAT9
1 00009U 17021A   16303.82790574  .00000605  00000-0  72029-4 0  0014
2 00009  90.0000 000.0000 0000000 090.0000 288.0000 13.71901367460645
UNIGE_CUBESAT10
1 00010U 17021A   16303.82790574  .00000605  00000-0  72029-4 0  0016
2 00010  90.0000 000.0000 0000000 090.0000 324.0000 13.71901367460648
UNIGE_CUBESAT1
1 00011U 17021A   16303.82790574  .00000605  00000-0  72029-4 0  0017
2 00011  90.0000 018.0000 0000000 090.0000 003.0000 13.71901367460642
UNIGE_CUBESAT2
1 00012U 17021A   16303.82790574  .00000605  00000-0  72029-4 0  0018
2 00012  90.0000 018.0000 0000000 090.0000 039.0000 13.71901367460642
UNIGE_CUBESAT3
1 00013U 17021A   16303.82790574  .00000605  00000-0  72029-4 0  0019
2 00013  90.0000 018.0000 0000000 090.0000 075.0000 13.71901367460643
UNIGE_CUBESAT4
1 00014U 17021A   16303.82790574  .00000605  00000-0  72029-4 0  0010
2 00014  90.0000 018.0000 0000000 090.0000 111.0000 13.71901367460645
UNIGE_CUBESAT5
1 00015U 17021A   16303.82790574  .00000605  00000-0  72029-4 0  0011
2 00015  90.0000 018.0000 0000000 090.0000 147.0000 13.71901367460645
UNIGE_CUBESAT6
1 00016U 17021A   16303.82790574  .00000605  00000-0  72029-4 0  0012
2 00016  90.0000 018.0000 0000000 090.0000 183.0000 13.71901367460646
UNIGE_CUBESAT7
1 00017U 17021A   16303.82790574  .00000605  00000-0  72029-4 0  0013
2 00017  90.0000 018.0000 0000000 090.0000 219.0000 13.71901367460647
UNIGE_CUBESAT8
1 00018U 17021A   16303.82790574  .00000605  00000-0  72029-4 0  0014
2 00018  90.0000 018.0000 0000000 090.0000 255.0000 13.71901367460648
UNIGE_CUBESAT9
1 00019U 17021A   16303.82790574  .00000605  00000-0  72029-4 0  0015
2 00019  90.0000 018.0000 0000000 090.0000 291.0000 13.71901367460649
UNIGE_CUBESAT10
1 00020U 17021A   16303.82790574  .00000605  00000-0  72029-4 0  0017
2 00020  90.0000 018.0000 0000000 090.0000 327.0000 13.71901367460641
UNIGE_CUBESAT1
1 00021U 17021A   16303.82790574  .00000605  00000-0  72029-4 0  0018
2 00021  90.0000 036.0000 0000000 090.0000 007.0000 13.71901367460647
UNIGE_CUBESAT2
1 00022U 17021A   16303.82790574  .00000605  00000-0  72029-4 0  0019
2 00022  90.0000 036.0000 0000000 090.0000 043.0000 13.71901367460648
UNIGE_CUBESAT3
1 00023U 17021A   16303.82790574  .00000605  00000-0  72029-4 0  0010
2 00023  90.0000 036.0000 0000000 090.0000 079.0000 13.71901367460648
UNIGE_CUBESAT4
1 00024U 17021A   16303.82790574  .00000605  00000-0  72029-4 0  0011
2 00024  90.0000 036.0000 0000000 090.0000 115.0000 13.71901367460640
UNIGE_CUBESAT5
1 00025U 17021A   16303.82790574  .00000605  00000-0  72029-4 0  0012
2 00025  90.0000 036.0000 0000000 090.0000 151.0000 13.71901367460641
UNIGE_CUBESAT6
1 00026U 17021A   16303.82790574  .00000605  00000-0  72029-4 0  0013
2 00026  90.0000 036.0000 0000000 090.0000 187.0000 13.71901367460641
UNIGE_CUBESAT7
1 00027U 17021A   16303.82790574  .00000605  00000-0  72029-4 0  0014
2 00027  90.0000 036.0000 0000000 090.0000 223.0000 13.71901367460643
UNIGE_CUBESAT8
1 00028U 17021A   16303.82790574  .00000605  00000-0  72029-4 0  0015
2 00028  90.0000 036.0000 0000000 090.0000 259.0000 13.71901367460643
UNIGE_CUBESAT9
1 00029U 17021A   16303.82790574  .00000605  00000-0  72029-4 0  0016
2 00029  90.0000 036.0000 0000000 090.0000 295.0000 13.71901367460644
UNIGE_CUBESAT10
1 00030U 17021A   16303.82790574  .00000605  00000-0  72029-4 0  0018
2 00030  90.0000 036.0000 0000000 090.0000 331.0000 13.71901367460647
UNIGE_CUBESAT1
1 00031U 17021A   16303.82790574  .00000605  00000-0  72029-4 0  0019
2 00031  90.0000 054.0000 0000000 090.0000 010.0000 13.71901367460642
UNIGE_CUBESAT2
1 00032U 17021A   16303.82790574  .00000605  00000-0  72029-4 0  0010
2 00032  90.0000 054.0000 0000000 090.0000 046.0000 13.71901367460642
UNIGE_CUBESAT3
1 00033U 17021A   16303.82790574  .00000605  00000-0  72029-4 0  0011
2 00033  90.0000 054.0000 0000000 090.0000 082.0000 13.71901367460643
UNIGE_CUBESAT4
1 00034U 17021A   16303.82790574  .00000605  00000-0  72029-4 0  0012
2 00034  90.0000 054.0000 0000000 090.0000 118.0000 13.71901367460644
UNIGE_CUBESAT5
1 00035U 17021A   16303.82790574  .00000605  00000-0  72029-4 0  0013
2 00035  90.0000 054.0000 0000000 090.0000 154.0000 13.71901367460645
UNIGE_CUBESAT6
1 00036U 17021A   16303.82790574  .00000605  00000-0  72029-4 0  0014
2 00036  90.0000 054.0000 0000000 090.0000 190.0000 13.71901367460646
UNIGE_CUBESAT7
1 00037U 17021A   16303.82790574  .00000605  00000-0  72029-4 0  0015
2 00037  90.0000 054.0000 0000000 090.0000 226.0000 13.71901367460647
UNIGE_CUBESAT8
1 00038U 17021A   16303.82790574  .00000605  00000-0  72029-4 0  0016
2 00038  90.0000 054.0000 0000000 090.0000 262.0000 13.71901367460648
UNIGE_CUBESAT9
1 00039U 17021A   16303.82790574  .00000605  00000-0  72029-4 0  0017
2 00039  90.0000 054.0000 0000000 090.0000 298.0000 13.71901367460648
UNIGE_CUBESAT10
1 00040U 17021A   16303.82790574  .00000605  00000-0  72029-4 0  0019
2 00040  90.0000 054.0000 0000000 090.0000 334.0000 13.71901367460641
UNIGE_CUBESAT1
1 00041U 17021A   16303.82790574  .00000605  00000-0  72029-4 0  0010
2 00041  90.0000 072.0000 0000000 090.0000 014.0000 13.71901367460647
UNIGE_CUBESAT2
1 00042U 17021A   16303.82790574  .00000605  00000-0  72029-4 0  0011
2 00042  90.0000 072.0000 0000000 090.0000 050.0000 13.71901367460648
UNIGE_CUBESAT3
1 00043U 17021A   16303.82790574  .00000605  00000-0  72029-4 0  0012
2 00043  90.0000 072.0000 0000000 090.0000 086.0000 13.71901367460648
UNIGE_CUBESAT4
1 00044U 17021A   16303.82790574  .00000605  00000-0  72029-4 0  0013
2 00044  90.0000 072.0000 0000000 090.0000 122.0000 13.71901367460640
UNIGE_CUBESAT5
1 00045U 17021A   16303.82790574  .00000605  00000-0  72029-4 0  0014
2 00045  90.0000 072.0000 0000000 090.0000 158.0000 13.71901367460640
UNIGE_CUBESAT6
1 00046U 17021A   16303.82790574  .00000605  00000-0  72029-4 0  0015
2 00046  90.0000 072.0000 0000000 090.0000 194.0000 13.71901367460641
UNIGE_CUBESAT7
1 00047U 17021A   16303.82790574  .00000605  00000-0  72029-4 0  0016
2 00047  90.0000 072.0000 0000000 090.0000 230.0000 13.71901367460643
UNIGE_CUBESAT8
1 00048U 17021A   16303.82790574  .00000605  00000-0  72029-4 0  0017
2 00048  90.0000 072.0000 0000000 090.0000 266.0000 13.71901367460643
UNIGE_CUBESAT9
1 00049U 17021A   16303.82790574  .00000605  00000-0  72029-4 0  0018
2 00049  90.0000 072.0000 0000000 090.0000 302.0000 13.71901367460645
UNIGE_CUBESAT10
1 00050U 17021A   16303.82790574  .00000605  00000-0  72029-4 0  0010
2 00050  90.0000 072.0000 0000000 090.0000 338.0000 13.71901367460646
UNIGE_CUBESAT1
1 00051U 17021A   16303.82790574  .00000605  00000-0  72029-4 0  0011
2 00051  90.0000 090.0000 0000000 090.0000 018.0000 13.71901367460642
UNIGE_CUBESAT2
1 00052U 17021A   16303.82790574  .00000605  00000-0  72029-4 0  0012
2 00052  90.0000 090.0000 0000000 090.0000 054.0000 13.71901367460643
UNIGE_CUBESAT3
1 00053U 17021A   16303.82790574  .00000605  00000-0  72029-4 0  0013
2 00053  90.0000 090.0000 0000000 090.0000 090.0000 13.71901367460644
UNIGE_CUBESAT4
1 00054U 17021A   16303.82790574  .00000605  00000-0  72029-4 0  0014
2 00054  90.0000 090.0000 0000000 090.0000 126.0000 13.71901367460645
UNIGE_CUBESAT5
1 00055U 17021A   16303.82790574  .00000605  00000-0  72029-4 0  0015
2 00055  90.0000 090.0000 0000000 090.0000 162.0000 13.71901367460646
UNIGE_CUBESAT6
1 00056U 17021A   16303.82790574  .00000605  00000-0  72029-4 0  0016
2 00056  90.0000 090.0000 0000000 090.0000 198.0000 13.71901367460646
UNIGE_CUBESAT7
1 00057U 17021A   16303.82790574  .00000605  00000-0  72029-4 0  0017
2 00057  90.0000 090.0000 0000000 090.0000 234.0000 13.71901367460648
UNIGE_CUBESAT8
1 00058U 17021A   16303.82790574  .00000605  00000-0  72029-4 0  0018
2 00058  90.0000 090.0000 0000000 090.0000 270.0000 13.71901367460649
UNIGE_CUBESAT9
1 00059U 17021A   16303.82790574  .00000605  00000-0  72029-4 0  0019
2 00059  90.0000 090.0000 0000000 090.0000 306.0000 13.71901367460640
UNIGE_CUBESAT10
1 00060U 17021A   16303.82790574  .00000605  00000-0  72029-4 0  0011
2 00060  90.0000 090.0000 0000000 090.0000 342.0000 13.71901367460642
UNIGE_CUBESAT1
1 00061U 17021A   16303.82790574  .00000605  00000-0  72029-4 0  0012
2 00061  90.0000 108.0000 0000000 090.0000 021.0000 13.71901367460647
UNIGE_CUBESAT2
1 00062U 17021A   16303.82790574  .00000605  00000-0  72029-4 0  0013
2 00062  90.0000 108.0000 0000000 090.0000 057.0000 13.71901367460647
UNIGE_CUBESAT3
1 00063U 17021A   16303.82790574  .00000605  00000-0  72029-4 0  0014
2 00063  90.0000 108.0000 0000000 090.0000 093.0000 13.71901367460648
UNIGE_CUBESAT4
1 00064U 17021A   16303.82790574  .00000605  00000-0  72029-4 0  0015
2 00064  90.0000 108.0000 0000000 090.0000 129.0000 13.71901367460649
UNIGE_CUBESAT5
1 00065U 17021A   16303.82790574  .00000605  00000-0  72029-4 0  0016
2 00065  90.0000 108.0000 0000000 090.0000 165.0000 13.71901367460640
UNIGE_CUBESAT6
1 00066U 17021A   16303.82790574  .00000605  00000-0  72029-4 0  0017
2 00066  90.0000 108.0000 0000000 090.0000 201.0000 13.71901367460642
UNIGE_CUBESAT7
1 00067U 17021A   16303.82790574  .00000605  00000-0  72029-4 0  0018
2 00067  90.0000 108.0000 0000000 090.0000 237.0000 13.71901367460642
UNIGE_CUBESAT8
1 00068U 17021A   16303.82790574  .00000605  00000-0  72029-4 0  0019
2 00068  90.0000 108.0000 0000000 090.0000 273.0000 13.71901367460643
UNIGE_CUBESAT9
1 00069U 17021A   16303.82790574  .00000605  00000-0  72029-4 0  0010
2 00069  90.0000 108.0000 0000000 090.0000 309.0000 13.71901367460644
UNIGE_CUBESAT10
1 00070U 17021A   16303.82790574  .00000605  00000-0  72029-4 0  0012
2 00070  90.0000 108.0000 0000000 090.0000 345.0000 13.71901367460646
UNIGE_CUBESAT1
1 00071U 17021A   16303.82790574  .00000605  00000-0  72029-4 0  0013
2 00071  90.0000 126.0000 0000000 090.0000 025.0000 13.71901367460642
UNIGE_CUBESAT2
1 00072U 17021A   16303.82790574  .00000605  00000-0  72029-4 0  0014
2 00072  90.0000 126.0000 0000000 090.0000 061.0000 13.71901367460643
UNIGE_CUBESAT3
1 00073U 17021A   16303.82790574  .00000605  00000-0  72029-4 0  0015
2 00073  90.0000 126.0000 0000000 090.0000 097.0000 13.71901367460643
UNIGE_CUBESAT4
1 00074U 17021A   16303.82790574  .00000605  00000-0  72029-4 0  0016
2 00074  90.0000 126.0000 0000000 090.0000 133.0000 13.71901367460645
UNIGE_CUBESAT5
1 00075U 17021A   16303.82790574  .00000605  00000-0  72029-4 0  0017
2 00075  90.0000 126.0000 0000000 090.0000 169.0000 13.71901367460645
UNIGE_CUBESAT6
1 00076U 17021A   16303.82790574  .00000605  00000-0  72029-4 0  0018
2 00076  90.0000 126.0000 0000000 090.0000 205.0000 13.71901367460647
UNIGE_CUBESAT7
1 00077U 17021A   16303.82790574  .00000605  00000-0  72029-4 0  0019
2 00077  90.0000 126.0000 0000000 090.0000 241.0000 13.71901367460648
UNIGE_CUBESAT8
1 00078U 17021A   16303.82790574  .00000605  00000-0  72029-4 0  0010
2 00078  90.0000 126.0000 0000000 090.0000 277.0000 13.71901367460648
UNIGE_CUBESAT9
1 00079U 17021A   16303.82790574  .00000605  00000-0  72029-4 0  0011
2 00079  90.0000 126.0000 0000000 090.0000 313.0000 13.71901367460640
UNIGE_CUBESAT10
1 00080U 17021A   16303.82790574  .00000605  00000-0  72029-4 0  0013
2 00080  90.0000 126.0000 0000000 090.0000 349.0000 13.71901367460641
UNIGE_CUBESAT1
1 00081U 17021A   16303.82790574  .00000605  00000-0  72029-4 0  0014
2 00081  90.0000 144.0000 0000000 090.0000 028.0000 13.71901367460646
UNIGE_CUBESAT2
1 00082U 17021A   16303.82790574  .00000605  00000-0  72029-4 0  0015
2 00082  90.0000 144.0000 0000000 090.0000 064.0000 13.71901367460647
UNIGE_CUBESAT3
1 00083U 17021A   16303.82790574  .00000605  00000-0  72029-4 0  0016
2 00083  90.0000 144.0000 0000000 090.0000 100.0000 13.71901367460649
UNIGE_CUBESAT4
1 00084U 17021A   16303.82790574  .00000605  00000-0  72029-4 0  0017
2 00084  90.0000 144.0000 0000000 090.0000 136.0000 13.71901367460649
UNIGE_CUBESAT5
1 00085U 17021A   16303.82790574  .00000605  00000-0  72029-4 0  0018
2 00085  90.0000 144.0000 0000000 090.0000 172.0000 13.71901367460640
UNIGE_CUBESAT6
1 00086U 17021A   16303.82790574  .00000605  00000-0  72029-4 0  0019
2 00086  90.0000 144.0000 0000000 090.0000 208.0000 13.71901367460641
UNIGE_CUBESAT7
1 00087U 17021A   16303.82790574  .00000605  00000-0  72029-4 0  0010
2 00087  90.0000 144.0000 0000000 090.0000 244.0000 13.71901367460642
UNIGE_CUBESAT8
1 00088U 17021A   16303.82790574  .00000605  00000-0  72029-4 0  0011
2 00088  90.0000 144.0000 0000000 090.0000 280.0000 13.71901367460643
UNIGE_CUBESAT9
1 00089U 17021A   16303.82790574  .00000605  00000-0  72029-4 0  0012
2 00089  90.0000 144.0000 0000000 090.0000 316.0000 13.71901367460644
UNIGE_CUBESAT10
1 00090U 17021A   16303.82790574  .00000605  00000-0  72029-4 0  0014
2 00090  90.0000 144.0000 0000000 090.0000 352.0000 13.71901367460646
UNIGE_CUBESAT1
1 00091U 17021A   16303.82790574  .00000605  00000-0  72029-4 0  0015
2 00091  90.0000 162.0000 0000000 090.0000 032.0000 13.71901367460642
UNIGE_CUBESAT2
1 00092U 17021A   16303.82790574  .00000605  00000-0  72029-4 0  0016
2 00092  90.0000 162.0000 0000000 090.0000 068.0000 13.71901367460642
UNIGE_CUBESAT3
1 00093U 17021A   16303.82790574  .00000605  00000-0  72029-4 0  0017
2 00093  90.0000 162.0000 0000000 090.0000 104.0000 13.71901367460644
UNIGE_CUBESAT4
1 00094U 17021A   16303.82790574  .00000605  00000-0  72029-4 0  0018
2 00094  90.0000 162.0000 0000000 090.0000 140.0000 13.71901367460645
UNIGE_CUBESAT5
1 00095U 17021A   16303.82790574  .00000605  00000-0  72029-4 0  0019
2 00095  90.0000 162.0000 0000000 090.0000 176.0000 13.71901367460645
UNIGE_CUBESAT6
1 00096U 17021A   16303.82790574  .00000605  00000-0  72029-4 0  0010
2 00096  90.0000 162.0000 0000000 090.0000 212.0000 13.71901367460647
UNIGE_CUBESAT7
1 00097U 17021A   16303.82790574  .00000605  00000-0  72029-4 0  0011
2 00097  90.0000 162.0000 0000000 090.0000 248.0000 13.71901367460647
UNIGE_CUBESAT8
1 00098U 17021A   16303.82790574  .00000605  00000-0  72029-4 0  0012
2 00098  90.0000 162.0000 0000000 090.0000 284.0000 13.71901367460648
UNIGE_CUBESAT9
1 00099U 17021A   16303.82790574  .00000605  00000-0  72029-4 0  0013
2 00099  90.0000 162.0000 0000000 090.0000 320.0000 13.71901367460640
UNIGE_CUBESAT10
1 00100U 17021A   16303.82790574  .00000605  00000-0  72029-4 0  0016
2 00100  90.0000 162.0000 0000000 090.0000 356.0000 13.71901367460642
