0 -66.1963 4.50861e-13 7363.12
1 -2342.46 4.27555e-13 6981.62
2 -4389.47 3.62362e-13 5915.22
3 -6006.55 2.61562e-13 4268.12
4 -7034.9 1.34968e-13 2201.69
5 -7373.51 -4.96889e-15 -81.1298
6 -6989.56 -1.44417e-13 -2356.01
7 -5921.6 -2.6962e-13 -4399.85
8 -4275.29 -3.68339e-13 -6013.03
9 -2212.27 -4.31049e-13 -7038.82
10 66.0623 -4.51776e-13 -7378.07
11 2337.97 -4.28562e-13 -6998.06
12 4382.32 -3.636e-13 -5935.44
13 5999.48 -2.63084e-13 -4292.96
14 7030.6 -1.36718e-13 -2230.23
15 7373.64 3.13618e-15 51.2358
16 6994.07 1.42678e-13 2327.63
17 5928.76 2.68115e-13 4375.26
18 4282.36 3.67117e-13 5993.06
19 2216.55 4.30052e-13 7022.53
20 -66.1056 -3.46445 7363.12
21 -2339.25 -122.595 6981.62
22 -4383.45 -229.727 5915.22
23 -5998.32 -314.359 4268.12
24 -7025.26 -368.178 2201.69
25 -7363.4 -385.9 -81.1298
26 -6979.98 -365.805 -2356.01
27 -5913.49 -309.913 -4399.85
28 -4269.43 -223.752 -6013.03
29 -2209.23 -115.781 -7038.82
30 65.9718 3.45743 -7378.07
31 2334.76 122.36 -6998.06
32 4376.31 229.353 -5935.44
33 5991.26 313.988 -4292.96
34 7020.97 367.953 -2230.23
35 7363.54 385.907 51.2358
36 6984.48 366.041 2327.63
37 5920.64 310.287 4375.26
38 4276.49 224.121 5993.06
39 2213.51 116.005 7022.53
40 -65.7029 -8.0673 7363.12
41 -2325 -285.474 6981.62
42 -4356.75 -534.942 5915.22
43 -5961.78 -732.015 4268.12
44 -6982.46 -857.338 2201.69
45 -7318.55 -898.605 -81.1298
46 -6937.46 -851.813 -2356.01
47 -5877.47 -721.662 -4399.85
48 -4243.43 -521.027 -6013.03
49 -2195.78 -269.607 -7038.82
50 65.5699 8.05097 -7378.07
51 2320.54 284.926 -6998.06
52 4349.65 534.07 -5935.44
53 5954.76 731.152 -4292.96
54 6978.2 856.815 -2230.23
55 7318.68 898.621 51.2358
56 6941.94 852.362 2327.63
57 5884.57 722.534 4375.26
58 4250.44 521.888 5993.06
59 2200.03 270.129 7022.53
60 -191.964 -33.8484 7360.85
61 -2426.75 -427.902 6939.67
62 -4424.02 -780.075 5837.69
63 -5987.97 -1055.84 4162.59
64 -6964.98 -1228.11 2078.52
65 -7259.11 -1279.98 -209.828
66 -6841.93 -1206.42 -2477.61
67 -5755.26 -1014.81 -4502.44
68 -4106.55 -724.095 -6086.62
69 -2057.61 -362.811 -7076.29
70 191.575 33.7799 -7375.8
71 2422.12 427.085 -6956.27
72 4416.91 778.821 -5858.17
73 5981.09 1054.63 -4187.68
74 6960.96 1227.41 -2107.21
75 7259.5 1280.05 179.943
76 6846.58 1207.24 2449.39
77 5762.38 1016.06 4478.1
78 4113.42 725.307 6066.9
79 2061.61 363.517 7060.15
80 -189.135 -47.1567 7360.85
81 -2390.99 -596.142 6939.67
82 -4358.83 -1086.78 5837.69
83 -5899.73 -1470.97 4162.59
84 -6862.34 -1710.97 2078.52
85 -7152.14 -1783.23 -209.828
86 -6741.11 -1680.75 -2477.61
87 -5670.46 -1413.8 -4502.44
88 -4046.03 -1008.79 -6086.62
89 -2027.29 -505.459 -7076.29
90 188.752 47.0612 -7375.8
91 2386.43 595.004 -6956.27
92 4351.82 1085.03 -5858.17
93 5892.95 1469.28 -4187.68
94 6858.39 1709.99 -2107.21
95 7152.53 1783.33 179.943
96 6745.69 1681.89 2449.39
97 5677.47 1415.55 4478.1
98 4052.8 1010.48 6066.9
99 2031.23 506.442 7060.15
100 -185.385 -60.2352 7360.85
101 -2343.58 -761.477 6939.67
102 -4272.4 -1388.19 5837.69
103 -5782.75 -1878.93 4162.59
104 -6726.28 -2185.5 2078.52
105 -7010.33 -2277.79 -209.828
106 -6607.45 -2146.89 -2477.61
107 -5558.02 -1805.91 -4502.44
108 -3965.81 -1288.57 -6086.62
109 -1987.09 -645.644 -7076.29
110 185.01 60.1133 -7375.8
111 2339.11 760.023 -6956.27
112 4265.54 1385.96 -5858.17
113 5776.11 1876.77 -4187.68
114 6722.4 2184.24 -2107.21
115 7010.71 2277.92 179.943
116 6611.93 2148.35 2449.39
117 5564.89 1808.14 4478.1
118 3972.44 1290.73 6066.9
119 1990.95 646.9 7060.15
120 -302.102 -115.966 7356.32
121 -2413.46 -926.441 6895.6
122 -4288.59 -1646.24 5758.38
123 -5743.65 -2204.78 4055.8
124 -6635.7 -2547.21 1954.73
125 -6877.16 -2639.9 -338.461
126 -6444.78 -2473.92 -2598.45
127 -5381.83 -2065.89 -4603.66
128 -3793.36 -1456.13 -6158.36
129 -1835.23 -704.478 -7111.61
130 301.491 115.731 -7371.29
131 2408.88 924.684 -6912.37
132 4281.79 1643.63 -5779.11
133 5737.22 2202.31 -4081.13
134 6632.1 2545.82 -1983.55
135 6877.78 2640.13 308.595
136 6449.37 2475.68 2570.39
137 5388.63 2068.5 4579.58
138 3799.78 1458.6 6138.88
139 1838.82 705.856 7095.61
140 -293.276 -136.757 7356.32
141 -2342.96 -1092.54 6895.6
142 -4163.31 -1941.38 5758.38
143 -5575.86 -2600.07 4055.8
144 -6441.85 -3003.88 1954.73
145 -6676.26 -3113.19 -338.461
146 -6256.51 -2917.46 -2598.45
147 -5224.61 -2436.27 -4603.66
148 -3682.55 -1717.2 -6158.36
149 -1781.62 -830.781 -7111.61
150 292.683 136.48 -7371.29
151 2338.51 1090.47 -6912.37
152 4156.71 1938.31 -5779.11
153 5569.62 2597.16 -4081.13
154 6438.36 3002.26 -1983.55
155 6676.86 3113.47 308.595
156 6260.96 2919.53 2570.39
157 5231.22 2439.36 4579.58
158 3688.78 1720.11 6138.88
159 1785.1 832.406 7095.61
160 -285.717 -151.918 7356.32
161 -2282.57 -1213.66 6895.6
162 -4056 -2156.61 5758.38
163 -5432.14 -2888.32 4055.8
164 -6275.81 -3336.91 1954.73
165 -6504.18 -3458.33 -338.461
166 -6095.24 -3240.9 -2598.45
167 -5089.94 -2706.37 -4603.66
168 -3587.63 -1907.58 -6158.36
169 -1735.7 -922.886 -7111.61
170 285.139 151.611 -7371.29
171 2278.24 1211.36 -6912.37
172 4049.57 2153.19 -5779.11
173 5426.06 2885.09 -4081.13
174 6272.41 3335.1 -1983.55
175 6504.76 3458.64 308.595
176 6099.59 3243.21 2570.39
177 5096.38 2709.79 4579.58
178 3593.7 1910.8 6138.88
179 1739.09 924.69 7095.61
180 -383.458 -239.611 7349.55
181 -2294.27 -1433.62 6849.43
182 -3980.52 -2487.3 5677.31
183 -5276.85 -3297.34 3947.77
184 -6055.91 -3784.15 1830.33
185 -6241.24 -3899.96 -466.992
186 -5815.07 -3633.66 -2718.49
187 -4820 -3011.87 -4703.48
188 -3354.33 -2096.02 -6228.24
189 -1561.81 -975.926 -7144.78
190 382.683 239.127 -7364.55
191 2289.95 1430.92 -6866.37
192 3974.29 2483.41 -5698.29
193 5271.09 3293.75 -3973.34
194 6052.83 3782.23 -1859.29
195 6242.02 3900.44 437.153
196 5819.4 3636.36 2690.62
197 4826.22 3015.76 4679.65
198 3360.07 2099.6 6208.99
199 1564.88 977.843 7128.9
200 -365.81 -265.776 7349.55
201 -2188.68 -1590.17 6849.43
202 -3797.32 -2758.91 5677.31
203 -5033.98 -3657.4 3947.77
204 -5777.19 -4197.37 1830.33
205 -5953.99 -4325.83 -466.992
206 -5547.43 -4030.44 -2718.49
207 -4598.16 -3340.76 -4703.48
208 -3199.94 -2324.9 -6228.24
209 -1489.93 -1082.49 -7144.78
210 365.071 265.239 -7364.55
211 2184.56 1587.17 -6866.37
212 3791.38 2754.6 -5698.29
213 5028.49 3653.41 -3973.34
214 5774.25 4195.24 -1859.29
215 5954.73 4326.36 437.153
216 5551.56 4033.45 2690.62
217 4604.1 3345.07 4679.65
218 3205.42 2328.88 6208.99
219 1492.85 1084.62 7128.9
220 -351.399 -284.557 7349.55
221 -2102.46 -1702.54 6849.43
222 -3647.72 -2953.87 5677.31
223 -4835.67 -3915.85 3947.77
224 -5549.6 -4493.98 1830.33
225 -5719.43 -4631.5 -466.992
226 -5328.89 -4315.25 -2718.49
227 -4417.01 -3576.83 -4703.48
228 -3073.88 -2489.18 -6228.24
229 -1431.23 -1158.99 -7144.78
230 350.689 283.982 -7364.55
231 2098.5 1699.33 -6866.37
232 3642.02 2949.25 -5698.29
233 4830.4 3911.58 -3973.34
234 5546.78 4491.69 -1859.29
235 5720.14 4632.08 437.153
236 5332.86 4318.47 2690.62
237 4422.72 3581.45 4679.65
238 3079.15 2493.44 6208.99
239 1434.04 1161.26 7128.9
240 -424.623 -395.968 7340.54
241 -2065.87 -1926.46 6801.16
242 -3504.9 -3268.37 5594.5
243 -4600.58 -4290.11 3838.52
244 -5245.28 -4891.31 1705.38
245 -5375.73 -5012.95 -595.379
246 -4979.51 -4643.47 -2837.71
247 -4096.18 -3819.75 -4801.86
248 -2812.98 -2623.14 -6296.22
249 -1255.69 -1170.95 -7175.77
250 423.766 395.168 -7355.57
251 2062.01 1922.85 -6818.29
252 3499.5 3263.33 -5615.74
253 4595.71 4285.57 -3864.33
254 5242.8 4888.99 -1734.46
255 5376.59 5013.75 565.577
256 4983.38 4647.08 2810.01
257 4101.59 3824.79 4778.29
258 2817.84 2627.68 6277.2
259 1258.17 1173.26 7160.02
260 -403.318 -417.648 7340.54
261 -1962.22 -2031.94 6801.16
262 -3329.04 -3447.33 5594.5
263 -4369.75 -4525.01 3838.52
264 -4982.1 -5159.12 1705.38
265 -5106.01 -5287.42 -595.379
266 -4729.66 -4897.71 -2837.71
267 -3890.66 -4028.9 -4801.86
268 -2671.84 -2766.77 -6296.22
269 -1192.69 -1235.07 -7175.77
270 402.504 416.805 -7355.57
271 1958.55 2028.13 -6818.29
272 3323.91 3442.01 -5615.74
273 4365.12 4520.21 -3864.33
274 4979.74 5156.68 -1734.46
275 5106.82 5288.27 565.577
276 4733.34 4901.52 2810.01
277 3895.79 4034.21 4778.29
278 2676.46 2771.56 6277.2
279 1195.04 1237.5 7160.02
280 -455.644 -543.015 7329.28
281 -1891.87 -2254.64 6750.82
282 -3142.9 -3745.57 5509.99
283 -4086.04 -4869.55 3728.11
284 -4628.62 -5516.17 1579.9
285 -4717.41 -5621.99 -723.585
286 -4344.07 -5177.06 -2956.06
287 -3545.82 -4225.74 -4898.78
288 -2401.46 -2861.94 -6362.28
289 -1023.14 -1219.33 -7204.59
290 454.725 541.921 -7344.36
291 1888.36 2250.46 -6768.14
292 3138.13 3739.88 -5531.49
293 4081.83 4864.54 -3754.15
294 4626.59 5513.75 -1609.09
295 4718.34 5623.09 693.828
296 4347.59 5181.25 2928.55
297 3550.59 4231.43 4875.47
298 2405.66 2866.95 6343.5
299 1025.17 1221.75 7188.95
300 -416.655 -573.476 7329.28
301 -1729.99 -2381.12 6750.82
302 -2873.97 -3955.68 5509.99
303 -3736.4 -5142.72 3728.11
304 -4232.56 -5825.61 1579.9
305 -4313.75 -5937.37 -723.585
306 -3972.35 -5467.47 -2956.06
307 -3242.41 -4462.79 -4898.78
308 -2195.97 -3022.49 -6362.28
309 -935.591 -1287.73 -7204.59
310 415.815 572.321 -7344.36
311 1726.77 2376.7 -6768.14
312 2869.61 3949.68 -5531.49
313 3732.56 5137.42 -3754.15
314 4230.7 5823.05 -1609.09
315 4314.59 5938.53 693.828
316 3975.57 5471.9 2928.55
317 3246.77 4468.8 4875.47
318 2199.81 3027.78 6343.5
319 937.444 1290.28 7188.95
320 -386.07 -594.496 7329.28
321 -1603 -2468.4 6750.82
322 -2663.01 -4100.67 5509.99
323 -3462.13 -5331.22 3728.11
324 -3921.87 -6039.14 1579.9
325 -3997.1 -6155 -723.585
326 -3680.76 -5667.88 -2956.06
327 -3004.4 -4626.37 -4898.78
328 -2034.77 -3133.28 -6362.28
329 -866.914 -1334.93 -7204.59
330 385.292 593.298 -7344.36
331 1600.02 2463.81 -6768.14
332 2658.96 4094.45 -5531.49
333 3458.57 5325.73 -3754.15
334 3920.14 6036.49 -1609.09
335 3997.88 6156.2 693.828
336 3683.75 5672.47 2928.55
337 3008.44 4632.6 4875.47
338 2038.33 3138.76 6343.5
339 868.631 1337.57 7188.95
340 -405.735 -731.966 7315.8
341 -1483.92 -2677.07 6698.42
342 -2416.84 -4360.1 5423.79
343 -3112.99 -5615.98 3616.55
344 -3503.96 -6321.31 1453.94
345 -3551.41 -6406.91 -851.569
346 -3250.97 -5864.9 -3073.51
347 -2632.58 -4749.3 -4994.21
348 -1757.25 -3170.16 -6426.41
349 -710.739 -1282.21 -7231.22
350 404.919 730.494 -7330.93
351 1481.19 2672.13 -6715.93
352 2413.23 4353.59 -5445.55
353 3109.88 5610.37 -3642.82
354 3502.54 6318.75 -1483.24
355 3552.23 6408.39 821.867
356 3253.71 5869.84 3046.2
357 2636.19 4755.81 4971.16
358 1760.35 3175.76 6407.86
359 712.152 1284.76 7215.69
360 -366.871 -752.197 7315.8
361 -1341.78 -2751.06 6698.42
362 -2185.34 -4480.62 5423.79
363 -2814.8 -5771.2 3616.55
364 -3168.32 -6496.03 1453.94
365 -3211.23 -6583.99 -851.569
366 -2939.57 -6027 -3073.51
367 -2380.41 -4880.57 -4994.21
368 -1588.93 -3257.78 -6426.41
369 -642.66 -1317.65 -7231.22
370 366.133 750.685 -7330.93
371 1339.31 2745.99 -6715.93
372 2182.08 4473.92 -5445.55
373 2811.99 5765.44 -3642.82
374 3167.04 6493.4 -1483.24
375 3211.97 6585.51 821.867
376 2942.04 6032.09 3046.2
377 2383.68 4887.26 4971.16
378 1591.73 3263.54 6407.86
379 643.937 1320.27 7215.69
380 -313.507 -775.957 7315.8
381 -1146.61 -2837.96 6698.42
382 -1867.47 -4622.14 5423.79
383 -2405.37 -5953.5 3616.55
384 -2707.47 -6701.21 1453.94
385 -2744.13 -6791.96 -851.569
386 -2511.98 -6217.38 -3073.51
387 -2034.16 -5034.73 -4994.21
388 -1357.8 -3360.68 -6426.41
389 -549.18 -1359.27 -7231.22
390 312.876 774.396 -7330.93
391 1144.5 2832.73 -6715.93
392 1864.68 4615.24 -5445.55
393 2402.97 5947.55 -3642.82
394 2706.37 6698.5 -1483.24
395 2744.76 6793.53 821.867
396 2514.1 6222.62 3046.2
397 2036.95 5041.64 4971.16
398 1360.2 3366.62 6407.86
399 550.271 1361.97 7215.69
400 -298.103 -917.467 7300.07
401 -981.906 -3021.99 6643.97
402 -1569.58 -4830.68 5335.93
403 -2003.48 -6166.08 3503.89
404 -2240.97 -6896.99 1327.54
405 -2258.76 -6951.75 -979.294
406 -2055.3 -6325.58 -3190.02
407 -1650.86 -5080.82 -5088.12
408 -1085.31 -3340.23 -6488.6
409 -414.042 -1274.29 -7255.66
410 297.505 915.626 -7315.27
411 980.111 3016.47 -6661.68
412 1567.27 4823.57 -5357.95
413 2001.54 6160.11 -3530.38
414 2240.14 6894.44 -1356.93
415 2259.36 6953.6 949.655
416 2057.1 6331.11 3162.91
417 1653.17 5087.93 5065.33
418 1087.24 3346.19 6470.26
419 414.868 1276.83 7240.23
420 -249.678 -931.812 7300.07
421 -822.401 -3069.24 6643.97
422 -1314.61 -4906.2 5335.93
423 -1678.03 -6262.48 3503.89
424 -1876.94 -7004.82 1327.54
425 -1891.84 -7060.44 -979.294
426 -1721.43 -6424.48 -3190.02
427 -1382.69 -5160.26 -5088.12
428 -909.005 -3392.45 -6488.6
429 -346.783 -1294.21 -7255.66
430 249.177 929.941 -7315.27
431 820.898 3063.63 -6661.68
432 1312.68 4898.99 -5357.95
433 1676.4 6256.42 -3530.38
434 1876.24 7002.23 -1356.93
435 1892.34 7062.31 949.655
436 1722.94 6430.1 3162.91
437 1384.62 5167.47 5065.33
438 910.627 3398.51 6470.26
439 347.475 1296.79 7240.23
440 -184.07 -946.958 7300.07
441 -606.298 -3119.13 6643.97
442 -969.171 -4985.95 5335.93
443 -1237.09 -6364.28 3503.89
444 -1383.73 -7118.69 1327.54
445 -1394.72 -7175.21 -979.294
446 -1269.09 -6528.91 -3190.02
447 -1019.36 -5244.14 -5088.12
448 -670.146 -3447.6 -6488.6
449 -255.659 -1315.25 -7255.66
450 183.701 945.058 -7315.27
451 605.19 3113.43 -6661.68
452 967.746 4978.62 -5357.95
453 1235.89 6358.12 -3530.38
454 1383.22 7116.05 -1356.93
455 1395.09 7177.11 949.655
456 1270.2 6534.62 3162.91
457 1020.78 5251.47 5065.33
458 671.341 3453.75 6470.26
459 256.169 1317.87 7240.23
460 -152.001 -1081.55 7282.12
461 -458.328 -3261.17 6587.49
462 -719.784 -5121.53 5246.44
463 -910.716 -6480.08 3390.16
464 -1012.37 -7203.35 1200.73
465 -1014.77 -7220.45 -1106.72
466 -917.781 -6530.35 -3305.56
467 -731.053 -5201.71 -5180.49
468 -472.99 -3365.5 -6548.81
469 -168.861 -1201.51 -7277.9
470 151.697 1079.38 -7297.39
471 457.497 3255.26 -6605.41
472 718.743 5114.12 -5268.72
473 909.863 6474.01 -3416.86
474 1012.03 7200.94 -1230.21
475 1015.07 7222.63 1077.15
476 918.614 6536.28 3278.65
477 732.094 5209.12 5157.95
478 473.842 3371.56 6530.69
479 169.198 1203.91 7262.55
480 -76.1863 -1089.51 7282.12
481 -229.724 -3285.2 6587.49
482 -360.771 -5159.26 5246.44
483 -456.47 -6527.83 3390.16
484 -507.419 -7256.42 1200.73
485 -508.623 -7273.65 -1106.72
486 -460.011 -6578.47 -3305.56
487 -366.419 -5240.04 -5180.49
488 -237.073 -3390.3 -6548.81
489 -84.6364 -1210.36 -7277.9
490 76.0337 1087.33 -7297.39
491 229.307 3279.25 -6605.41
492 360.249 5151.8 -5268.72
493 456.042 6521.71 -3416.86
494 507.249 7253.99 -1230.21
495 508.776 7275.84 1077.15
496 460.429 6584.43 3278.65
497 366.941 5247.5 5157.95
498 237.5 3396.4 6530.69
499 84.8058 1212.78 7262.55
500 -5.19329e-13 -1219.33 7261.95
501 -6.08462e-13 -3407.93 6529
502 -6.37932e-13 -5262.87 5155.35
503 -6.04824e-13 -6602.14 3275.39
504 -5.12373e-13 -7294.14 1073.55
505 -3.69678e-13 -7271.1 -1233.81
506 -1.90792e-13 -6535.95 -3420.09
507 6.70417e-15 -5161.78 -5271.27
508 2.03477e-13 -3284 -6607.03
509 3.80347e-13 -1086.39 -7297.93
510 5.2012e-13 1216.9 -7277.3
511 6.09196e-13 3401.8 -6547.13
512 6.38854e-13 5255.39 -5177.89
513 6.06106e-13 6596.16 -3302.3
514 5.1405e-13 7291.96 -1103.12
515 3.71633e-13 7273.55 1204.32
516 1.92802e-13 6542.09 3393.39
517 -4.88257e-15 5169.26 5249
518 -2.02015e-13 3289.96 6589.12
519 -3.79279e-13 1088.57 7282.66
520 63.815 -1217.66 7261.95
521 178.357 -3403.26 6529
522 275.437 -5255.65 5155.35
523 345.529 -6593.09 3275.39
524 381.746 -7284.15 1073.55
525 380.54 -7261.14 -1233.81
526 342.065 -6526.99 -3420.09
527 270.147 -5154.71 -5271.27
528 171.871 -3279.5 -6607.03
529 56.8573 -1084.9 -7297.93
530 -63.6876 1215.23 -7277.3
531 -178.037 3397.14 -6547.13
532 -275.046 5248.19 -5177.89
533 -345.216 6587.12 -3302.3
534 -381.632 7281.96 -1103.12
535 -380.668 7263.58 1204.32
536 -342.386 6533.12 3393.39
537 -270.538 5162.18 5249
538 -172.183 3285.45 6589.12
539 -56.9714 1087.08 7282.66
540 148.599 -1210.25 7261.95
541 415.322 -3382.52 6529
542 641.382 -5223.64 5155.35
543 804.598 -6552.93 3275.39
544 888.933 -7239.77 1073.55
545 886.125 -7216.9 -1233.81
546 796.532 -6487.23 -3420.09
547 629.063 -5123.31 -5271.27
548 400.218 -3259.52 -6607.03
549 132.398 -1078.29 -7297.93
550 -148.303 1207.83 -7277.3
551 -414.576 3376.45 -6547.13
552 -640.471 5216.22 -5177.89
553 -803.87 6546.99 -3302.3
554 -888.666 7237.6 -1103.12
555 -886.422 7219.33 1204.32
556 -797.28 6493.32 3393.39
557 -629.974 5130.73 5249
558 -400.945 3265.44 6589.12
559 -132.663 1080.46 7282.66
560 233.752 -1325.67 7239.56
561 611.518 -3468.09 6468.52
562 929.412 -5270.96 5062.69
563 1156.24 -6557.34 3159.62
564 1269.7 -7200.83 946.042
565 1258.7 -7138.45 -1360.52
566 1124.44 -6377.01 -3533.57
567 880.251 -4992.15 -5360.45
568 550.19 -3120.29 -6663.24
569 166.553 -944.569 -7315.74
570 -233.287 1323.03 -7255
571 -610.43 3461.92 -6486.86
572 -928.115 5263.6 -5085.49
573 -1155.23 6551.61 -3186.74
574 -1269.37 7198.93 -975.683
575 -1259.17 7141.1 1331.12
576 -1125.53 6383.19 3507.09
577 -881.548 4999.51 5338.44
578 -551.198 3126 6645.54
579 -166.888 946.469 7300.55
580 325.657 -1306.14 7239.56
581 851.951 -3416.99 6468.52
582 1294.83 -5193.28 5062.69
583 1610.84 -6460.71 3159.62
584 1768.91 -7094.72 946.042
585 1753.59 -7033.26 -1360.52
586 1566.54 -6283.03 -3533.57
587 1226.34 -4918.59 -5360.45
588 766.51 -3074.3 -6663.24
589 232.037 -930.65 -7315.74
590 -325.008 1303.54 -7255
591 -850.434 3410.91 -6486.86
592 -1293.02 5186.04 -5085.49
593 -1609.43 6455.06 -3186.74
594 -1768.45 7092.85 -975.683
595 -1754.24 7035.87 1331.12
596 -1568.06 6289.13 3507.09
597 -1228.15 4925.83 5338.44
598 -767.914 3079.94 6645.54
599 -232.504 932.522 7300.55
600 415.975 -1280.24 7239.56
601 1088.23 -3349.24 6468.52
602 1653.94 -5090.31 5062.69
603 2057.59 -6332.6 3159.62
604 2259.51 -6954.05 946.042
605 2239.93 -6893.8 -1360.52
606 2001 -6158.45 -3533.57
607 1566.46 -4821.06 -5360.45
608 979.096 -3013.35 -6663.24
609 296.391 -912.197 -7315.74
610 -415.147 1277.69 -7255
611 -1086.3 3343.27 -6486.86
612 -1651.63 5083.21 -5085.49
613 -2055.79 6327.07 -3186.74
614 -2258.91 6952.21 -975.683
615 -2240.76 6896.36 1331.12
616 -2002.94 6164.43 3507.09
617 -1568.77 4828.16 5338.44
618 -980.889 3018.87 6645.54
619 -296.987 914.032 7300.55
620 527.697 -1374.7 7214.96
621 1302.38 -3392.81 6406.07
622 1949.54 -5078.72 4968.47
623 2405.66 -6266.96 3042.88
624 2625.93 -6840.78 818.247
625 2588.79 -6744.03 -1486.81
626 2298.16 -5986.9 -3645.98
627 1782.88 -4644.57 -5448
628 1093.7 -2849.18 -6717.43
629 298.019 -776.365 -7331.34
630 -526.651 1371.97 -7230.5
631 -1300.08 3386.83 -6424.63
632 -1946.87 5071.76 -4991.53
633 -2403.64 6261.68 -3070.2
634 -2625.33 6839.21 -847.951
635 -2589.84 6746.77 1457.51
636 -2300.46 5992.9 3619.73
637 -1785.55 4651.52 5426.25
638 -1095.72 2854.44 6699.93
639 -298.619 777.93 7316.21
640 622.306 -1334.54 7214.96
641 1535.87 -3293.69 6406.07
642 2299.06 -4930.35 4968.47
643 2836.96 -6083.88 3042.88
644 3096.72 -6640.94 818.247
645 3052.93 -6547.02 -1486.81
646 2710.18 -5812.01 -3645.98
647 2102.53 -4508.89 -5448
648 1289.78 -2765.95 -6717.43
649 351.449 -753.686 -7331.34
650 -621.072 1331.89 -7230.5
651 -1533.17 3287.89 -6424.63
652 -2295.91 4923.6 -4991.53
653 -2834.57 6078.76 -3070.2
654 -3096.01 6639.41 -847.951
655 -3054.16 6549.68 1457.51
656 -2712.9 5817.83 3619.73
657 -2105.68 4515.64 5426.25
658 -1292.16 2771.05 6699.93
659 -352.158 755.205 7316.21
660 691.298 -1300.14 7214.96
661 1706.15 -3208.8 6406.07
662 2553.94 -4803.27 4968.47
663 3151.48 -5927.07 3042.88
664 3440.04 -6469.77 818.247
665 3391.39 -6378.27 -1486.81
666 3010.65 -5662.2 -3645.98
667 2335.62 -4392.67 -5448
668 1432.77 -2694.65 -6717.43
669 390.413 -734.259 -7331.34
670 -689.926 1297.56 -7230.5
671 -1703.14 3203.14 -6424.63
672 -2550.45 4796.69 -4991.53
673 -3148.83 5922.08 -3070.2
674 -3439.25 6468.28 -847.951
675 -3392.76 6380.86 1457.51
676 -3013.66 5667.87 3619.73
677 -2339.12 4399.25 5426.25
678 -1435.42 2699.63 6699.93
679 -391.199 735.739 7316.21
680 847.04 -1355.55 7188.16
681 1984.91 -3176.51 6341.65
682 2928.42 -4686.44 4872.74
683 3584.95 -5737.13 2925.21
684 3890.02 -6225.33 690.201
685 3813.78 -6103.32 -1612.65
686 3364.11 -5383.71 -3757.28
687 2585.66 -4137.91 -5533.89
688 1555.01 -2488.53 -6769.58
689 372.961 -596.863 -7344.71
690 -845.366 1352.87 -7203.8
691 -1981.44 3170.97 -6360.44
692 -2924.48 4680.15 -4896.06
693 -3582.05 5732.48 -2952.72
694 -3889.26 6224.12 -719.959
695 -3815.45 6106 1583.46
696 -3367.58 5389.26 3731.25
697 -2589.59 4144.21 5512.4
698 -1557.9 2493.16 6752.27
699 -373.714 598.068 7329.63
700 939.535 -1293.16 7188.16
701 2201.65 -3030.32 6341.65
702 3248.19 -4470.75 4872.74
703 3976.42 -5473.08 2925.21
704 4314.8 -5938.81 690.201
705 4230.23 -5822.41 -1612.65
706 3731.47 -5135.92 -3757.28
707 2868 -3947.47 -5533.89
708 1724.81 -2374 -6769.58
709 413.688 -569.392 -7344.71
710 -937.678 1290.6 -7203.8
711 -2197.81 3025.03 -6360.44
712 -3243.83 4464.75 -4896.06
713 -3973.21 5468.65 -2952.72
714 -4313.96 5937.66 -719.959
715 -4232.09 5824.98 1583.46
716 -3735.32 5141.22 3731.25
717 -2872.37 3953.47 5512.4
718 -1728.02 2378.42 6752.27
719 -414.523 570.542 7329.63
720 1005.93 -1242.22 7188.16
721 2357.23 -2910.94 6341.65
722 3477.72 -4294.63 4872.74
723 4257.41 -5257.47 2925.21
724 4619.7 -5704.85 690.201
725 4529.16 -5593.04 -1612.65
726 3995.15 -4933.6 -3757.28
727 3070.67 -3791.96 -5533.89
728 1846.69 -2280.48 -6769.58
729 442.92 -546.961 -7344.71
730 -1003.94 1239.76 -7203.8
731 -2353.12 2905.86 -6360.44
732 -3473.05 4288.86 -4896.06
733 -4253.97 5253.21 -2952.72
734 -4618.8 5703.74 -719.959
735 -4531.15 5595.5 1583.46
736 -3999.27 4938.69 3731.25
737 -3075.34 3797.73 5512.4
738 -1850.13 2284.72 6752.27
739 -443.815 548.066 7329.63
740 1175.68 -1260.76 7159.17
741 2629.8 -2820.12 6275.3
742 3826.41 -4103.32 4775.52
743 4648.03 -4984.4 2806.65
744 5013.94 -5376.8 561.945
745 4888.41 -5242.17 -1738
746 4284.27 -4594.31 -3867.43
747 3261.45 -3497.47 -5618.1
748 1920.56 -2059.55 -6819.68
749 392.696 -421.115 -7355.86
750 -1173.37 1258.28 -7174.92
751 -2625.26 2815.24 -6294.32
752 -3821.37 4097.91 -4799.1
753 -4644.42 4980.53 -2834.35
754 -5013.15 5375.94 -591.748
755 -4890.73 5244.66 1708.92
756 -4288.82 4599.19 3841.63
757 -3266.48 3502.87 5596.87
758 -1924.16 2063.41 6802.56
759 -393.49 421.967 7340.82
760 1240.05 -1197.5 7159.17
761 2773.79 -2678.62 6275.3
762 4035.91 -3897.44 4775.52
763 4902.52 -4734.31 2806.65
764 5288.47 -5107.02 561.945
765 5156.06 -4979.15 -1738
766 4518.84 -4363.8 -3867.43
767 3440.02 -3321.99 -5618.1
768 2025.72 -1956.21 -6819.68
769 414.197 -399.986 -7355.86
770 -1237.61 1195.15 -7174.92
771 -2769 2673.99 -6294.32
772 -4030.6 3892.3 -4799.1
773 -4898.72 4730.64 -2834.35
774 -5287.63 5106.21 -591.748
775 -5158.51 4981.51 1708.92
776 -4523.64 4368.43 3841.63
777 -3445.33 3327.12 5596.87
778 -2029.51 1959.88 6802.56
779 -415.035 400.795 7340.82
780 1416.26 -1188.38 7127.99
781 3037.51 -2548.78 6207.03
782 4361.32 -3659.58 4676.84
783 5257.7 -4411.74 2687.22
784 5638.6 -4731.35 433.516
785 5466.84 -4587.22 -1862.81
786 4759.89 -3994.03 -3976.4
787 3587.84 -3010.55 -5700.6
788 2065.93 -1733.52 -6867.7
789 342.899 -287.726 -7364.77
790 -1413.48 1186.05 -7143.87
791 -3032.32 2544.42 -6226.28
792 -4355.69 3654.86 -4700.67
793 -5253.79 4408.45 -2715.11
794 -5637.9 4730.76 -463.356
795 -5469.62 4589.56 1833.86
796 -4765.09 3998.39 3950.84
797 -3593.46 3015.27 5679.63
798 -2069.83 1736.79 6850.76
799 -343.593 288.309 7349.77
800 1495.71 -1086.69 7127.99
801 3207.91 -2330.68 6207.03
802 4605.97 -3346.44 4676.84
803 5552.64 -4034.23 2687.22
804 5954.91 -4326.49 433.516
805 5773.51 -4194.7 -1862.81
806 5026.91 -3652.26 -3976.4
807 3789.11 -2752.95 -5700.6
808 2181.82 -1585.18 -6867.7
809 362.134 -263.106 -7364.77
810 -1492.77 1084.56 -7143.87
811 -3202.43 2326.7 -6226.28
812 -4600.03 3342.12 -4700.67
813 -5548.51 4031.23 -2715.11
814 -5954.17 4325.96 -463.356
815 -5776.45 4196.84 1833.86
816 -5032.4 3656.25 3950.84
817 -3795.04 2757.26 5679.63
818 -2185.94 1588.18 6850.76
819 -362.867 263.639 7349.77
820 1550.53 -1006.93 7127.99
821 3325.49 -2159.6 6207.03
822 4774.8 -3100.79 4676.84
823 5756.17 -3738.1 2687.22
824 6173.18 -4008.91 433.516
825 5985.13 -3886.79 -1862.81
826 5211.16 -3384.17 -3976.4
827 3927.99 -2550.87 -5700.6
828 2261.79 -1468.82 -6867.7
829 375.408 -243.793 -7364.77
830 -1547.49 1004.95 -7143.87
831 -3319.81 2155.91 -6226.28
832 -4768.64 3096.79 -4700.67
833 -5751.89 3735.32 -2715.11
834 -6172.41 4008.41 -463.356
835 -5988.18 3888.77 1833.86
836 -5216.85 3387.86 3950.84
837 -3934.15 2554.86 5679.63
838 -2266.06 1471.6 6850.76
839 -376.168 244.286 7349.77
840 1725.76 -956.603 7094.63
841 3562.46 -1974.71 6136.87
842 5050.3 -2799.42 4576.72
843 6043.17 -3349.78 2566.98
844 6443.54 -3571.71 304.955
845 6212.39 -3443.58 -1987.06
846 5373.12 -2978.37 -4084.17
847 4008.88 -2222.16 -5781.37
848 2253.77 -1249.28 -6913.64
849 279.272 -154.803 -7371.45
850 -1722.39 954.736 -7110.64
851 -3556.44 1971.37 -6156.36
852 -5043.92 2795.89 -4600.81
853 -6038.87 3347.4 -2595.04
854 -6442.97 3571.4 -334.822
855 -6215.77 3445.46 1958.24
856 -5379.15 2981.71 4058.84
857 -4015.25 2225.69 5760.65
858 -2258.05 1251.66 6896.88
859 -279.838 155.117 7356.48
860 1773.46 -864.972 7094.63
861 3660.93 -1785.55 6136.87
862 5189.88 -2531.28 4576.72
863 6210.2 -3028.92 2566.98
864 6621.64 -3229.59 304.955
865 6384.1 -3113.73 -1987.06
866 5521.63 -2693.08 -4084.17
867 4119.69 -2009.31 -5781.37
868 2316.06 -1129.62 -6913.64
869 286.991 -139.975 -7371.45
870 -1770 863.285 -7110.64
871 -3654.74 1782.54 -6156.36
872 -5183.33 2528.08 -4600.81
873 -6205.79 3026.76 -2595.04
874 -6621.06 3229.31 -334.822
875 -6387.57 3115.43 1958.24
876 -5527.83 2696.1 4058.84
877 -4126.23 2012.5 5760.65
878 -2320.47 1131.77 6896.88
879 -287.573 140.259 7356.48
880 1829.47 -739.155 7094.63
881 3776.56 -1525.83 6136.87
882 5353.82 -2163.08 4576.72
883 6406.36 -2588.34 2566.98
884 6830.8 -2759.82 304.955
885 6585.75 -2660.82 -1987.06
886 5696.04 -2301.35 -4084.17
887 4249.81 -1717.04 -5781.37
888 2389.22 -965.308 -6913.64
889 296.057 -119.615 -7371.45
890 -1825.9 737.713 -7110.64
891 -3770.18 1523.25 -6156.36
892 -5347.06 2160.35 -4600.81
893 -6401.81 2586.5 -2595.04
894 -6830.19 2759.58 -334.822
895 -6589.33 2662.26 1958.24
896 -5702.43 2303.93 4058.84
897 -4256.57 1719.76 5760.65
898 -2393.76 967.142 6896.88
899 -296.657 119.857 7356.48
900 1994.28 -647.98 7059.11
901 3975.3 -1291.65 6064.83
902 5567 -1808.83 4475.21
903 6613.09 -2148.72 2445.95
904 7010.79 -2277.95 176.301
905 6721.41 -2183.92 -2110.7
906 5774.14 -1876.13 -4190.68
907 4262.79 -1385.06 -5860.38
908 2335.85 -758.964 -6957.49
909 181.552 -58.99 -7375.89
910 -1990.4 646.722 -7075.26
911 -3968.66 1289.5 -6084.56
912 -5560.13 1806.6 -4499.56
913 -6608.61 2147.27 -2474.18
914 -7010.42 2277.83 -206.186
915 -6725.29 2185.18 2082.02
916 -5780.79 1878.29 4165.6
917 -4269.66 1387.3 5839.91
918 -2340.32 760.415 6940.89
919 -181.921 59.1096 7360.94
920 2025.46 -542.719 7059.11
921 4037.45 -1081.83 6064.83
922 5654.04 -1515 4475.21
923 6716.48 -1799.68 2445.95
924 7120.4 -1907.91 176.301
925 6826.5 -1829.15 -2110.7
926 5864.42 -1571.37 -4190.68
927 4329.43 -1160.07 -5860.38
928 2372.37 -635.675 -6957.49
929 184.391 -49.4074 -7375.89
930 -2021.52 541.666 -7075.26
931 -4030.71 1080.03 -6084.56
932 -5647.06 1513.13 -4499.56
933 -6711.93 1798.46 -2474.18
934 -7120.03 1907.81 -206.186
935 -6830.44 1830.21 2082.02
936 -5871.17 1573.17 4165.6
937 -4336.41 1161.94 5839.91
938 -2376.91 636.89 6940.89
939 -184.765 49.5076 7360.94
940 2058.38 -400.109 7059.11
941 4103.08 -797.558 6064.83
942 5745.95 -1116.9 4475.21
943 6825.66 -1326.77 2445.95
944 7236.15 -1406.56 176.301
945 6937.46 -1348.51 -2110.7
946 5959.75 -1158.46 -4190.68
947 4399.81 -855.237 -5860.38
948 2410.93 -468.638 -6957.49
949 187.388 -36.4246 -7375.89
950 -2054.38 399.332 -7075.26
951 -4096.23 796.227 -6084.56
952 -5738.86 1115.52 -4499.56
953 -6821.04 1325.87 -2474.18
954 -7235.77 1406.49 -206.186
955 -6941.47 1349.29 2082.02
956 -5966.61 1159.79 4165.6
957 -4406.9 856.614 5839.91
958 -2415.54 469.534 6940.89
959 -187.768 36.4984 7360.94
960 2198.42 -308.967 7021.44
961 4243.62 -596.402 5990.94
962 5873.21 -825.426 4372.33
963 6927.14 -973.547 2324.17
964 7301.91 -1026.22 47.5929
965 6961.09 -978.318 -2233.7
966 5938.99 -834.671 -4295.92
967 4336.77 -609.493 -5937.6
968 2311.8 -324.902 -6999.22
969 61.8185 -8.68803 -7378.1
970 -2194.17 308.371 -7037.73
971 -4236.62 595.418 -6010.92
972 -5866.12 824.43 -4396.93
973 -6922.68 972.92 -2352.56
974 -7301.79 1026.2 -77.4871
975 -6965.35 978.916 2205.16
976 -5946 835.656 4271.08
977 -4343.85 610.488 5917.39
978 -2316.24 325.527 6982.78
979 -61.9439 8.70565 7363.16
980 2214.61 -154.861 7021.44
981 4274.89 -298.929 5990.94
982 5916.48 -413.721 4372.33
983 6978.18 -487.962 2324.17
984 7355.71 -514.361 47.5929
985 7012.38 -490.353 -2233.7
986 5982.75 -418.355 -4295.92
987 4368.72 -305.491 -5937.6
988 2328.83 -162.848 -6999.22
989 62.274 -4.35462 -7378.1
990 -2210.34 154.562 -7037.73
991 -4267.84 298.436 -6010.92
992 -5909.34 413.222 -4396.93
993 -6973.69 487.648 -2352.56
994 -7355.58 514.352 -77.4871
995 -7016.67 490.653 2205.16
996 -5989.81 418.848 4271.08
997 -4375.85 305.989 5917.39
998 -2333.31 163.161 6982.78
999 -62.4003 4.36346 7363.16
