0 -66.1963 4.50861e-13 7363.12
1 -4389.47 3.62362e-13 5915.22
2 -7034.9 1.34968e-13 2201.69
3 -6989.56 -1.44417e-13 -2356.01
4 -4275.29 -3.68339e-13 -6013.03
5 66.0623 -4.51776e-13 -7378.07
6 4382.32 -3.636e-13 -5935.44
7 7030.6 -1.36718e-13 -2230.23
8 6994.07 1.42678e-13 2327.63
9 4282.36 3.67117e-13 5993.06
10 -66.1056 -3.46445 7363.12
11 -4383.45 -229.727 5915.22
12 -7025.26 -368.178 2201.69
13 -6979.98 -365.805 -2356.01
14 -4269.43 -223.752 -6013.03
15 65.9718 3.45743 -7378.07
16 4376.31 229.353 -5935.44
17 7020.97 367.953 -2230.23
18 6984.48 366.041 2327.63
19 4276.49 224.121 5993.06
20 -193.472 -23.7554 7360.85
21 -4458.79 -547.47 5837.69
22 -7019.71 -861.912 2078.52
23 -6895.7 -846.685 -2477.61
24 -4138.82 -508.183 -6086.62
25 193.081 23.7073 -7375.8
26 4451.62 546.59 -5858.17
27 7015.66 861.415 -2107.21
28 6900.38 847.26 2449.39
29 4145.74 509.033 6066.9
30 -318.678 -56.1916 7356.32
31 -4523.92 -797.689 5758.38
32 -6999.81 -1234.26 1954.73
33 -6798.42 -1198.74 -2598.45
34 -4001.51 -705.574 -6158.36
35 318.034 56.078 -7371.29
36 4516.74 796.424 -5779.11
37 6996.02 1233.59 -1983.55
38 6803.26 1199.6 2570.39
39 4008.28 706.768 6138.88
40 -313.982 -78.2846 7356.32
41 -4457.25 -1111.32 5758.38
42 -6896.66 -1719.53 1954.73
43 -6698.23 -1670.06 -2598.45
44 -3942.54 -982.986 -6158.36
45 313.348 78.1263 -7371.29
46 4450.19 1109.56 -5779.11
47 6892.92 1718.6 -1983.55
48 6703 1671.25 2570.39
49 3949.22 984.651 6138.88
50 -430.035 -139.727 7349.55
51 -4464.01 -1450.45 5677.31
52 -6791.49 -2206.69 1830.33
53 -6521.39 -2118.93 -2718.49
54 -3761.76 -1222.27 -6228.24
55 429.166 139.445 -7364.55
56 4457.03 1448.18 -5698.29
57 6788.04 2205.57 -1859.29
58 6526.25 2120.51 2690.62
59 3768.2 1224.36 6208.99
60 -542.036 -208.068 7340.54
61 -4474.04 -1717.42 5594.5
62 -6695.66 -2570.22 1705.38
63 -6356.39 -2439.99 -2837.71
64 -3590.79 -1378.38 -6296.22
65 540.942 207.648 -7355.57
66 4467.15 1714.78 -5615.74
67 6692.49 2569 -1734.46
68 6361.34 2441.89 2810.01
69 3597.01 1380.76 6277.2
70 -642.441 -299.575 7329.28
71 -4431.38 -2066.39 5509.99
72 -6526.19 -3043.21 1579.9
73 -6124.98 -2856.12 -2956.06
74 -3385.97 -1578.9 -6362.28
75 641.147 298.972 -7344.36
76 4424.66 2063.25 -5531.49
77 6523.32 3041.88 -1609.09
78 6129.94 2858.44 2928.55
79 3391.89 1581.66 6343.5
80 -625.882 -332.788 7329.28
81 -4317.16 -2295.48 5509.99
82 -6357.98 -3380.6 1579.9
83 -5967.11 -3172.77 -2956.06
84 -3298.69 -1753.95 -6362.28
85 624.621 332.117 -7344.36
86 4310.61 2291.99 -5531.49
87 6355.18 3379.11 -1609.09
88 5971.94 3175.34 2928.55
89 3304.46 1757.01 6343.5
90 -709.728 -443.487 7315.8
91 -4227.64 -2641.72 5423.79
92 -6129.26 -3829.99 1453.94
93 -5686.72 -3553.46 -3073.51
94 -3073.85 -1920.75 -6426.41
95 708.301 442.596 -7330.93
96 4221.32 2637.77 -5445.55
97 6126.78 3828.44 -1483.24
98 5691.51 3556.45 3046.2
99 3079.28 1924.15 6407.86
100 -780.444 -567.026 7300.07
101 -4109.22 -2985.52 5335.93
102 -5866.93 -4262.57 1327.54
103 -5380.86 -3909.42 -3190.02
104 -2841.37 -2064.38 -6488.6
105 778.878 565.888 -7315.27
106 4103.18 2981.13 -5357.95
107 5864.76 4261 -1356.93
108 5385.57 3912.84 3162.91
109 2846.44 2068.06 6470.26
110 -749.699 -607.094 7300.07
111 -3947.34 -3196.49 5335.93
112 -5635.8 -4563.78 1327.54
113 -5168.88 -4185.68 -3190.02
114 -2729.44 -2210.25 -6488.6
115 748.194 605.876 -7315.27
116 3941.53 3191.79 -5357.95
117 5633.72 4562.1 -1356.93
118 5173.4 4189.34 3162.91
119 2734.3 2214.2 6470.26
120 -798.766 -744.861 7282.12
121 -3782.46 -3527.2 5246.44
122 -5319.97 -4960.95 1200.73
123 -4822.94 -4497.46 -3305.56
124 -2485.56 -2317.82 -6548.81
125 797.167 743.37 -7297.39
126 3776.99 3522.1 -5268.72
127 5318.19 4959.29 -1230.21
128 4827.31 4501.54 3278.65
129 2490.04 2322 6530.69
130 -847.021 -877.116 7261.95
131 -3655.89 -3785.79 5155.35
132 -5066.94 -5246.97 1073.55
133 -4540.25 -4701.57 -3420.09
134 -2281.26 -2362.31 -6607.03
135 845.33 875.365 -7277.3
136 3650.7 3780.41 -5177.89
137 5065.42 5245.39 -1103.12
138 4544.51 4705.98 3393.39
139 2285.4 2366.6 6589.12
140 -865.271 -1031.19 7239.56
141 -3440.37 -4100.08 5062.69
142 -4700.01 -5601.25 946.042
143 -4162.29 -4960.43 -3533.57
144 -2036.62 -2427.15 -6663.24
145 863.549 1029.14 -7255
146 3435.57 4094.35 -5085.49
147 4698.77 5599.77 -975.683
148 4166.33 4965.24 3507.09
149 2040.35 2431.6 6645.54
150 -791.231 -1089.04 7239.56
151 -3145.99 -4330.08 5062.69
152 -4297.84 -5915.47 946.042
153 -3806.13 -5238.69 -3533.57
154 -1862.35 -2563.31 -6663.24
155 789.656 1086.87 -7255
156 3141.6 4324.03 -5085.49
157 4296.7 5913.9 -975.683
158 3809.83 5243.77 3507.09
159 1865.76 2568 6645.54
160 -801.982 -1234.94 7214.96
161 -2962.86 -4562.4 4968.47
162 -3990.82 -6145.33 818.247
163 -3492.68 -5378.26 -3645.98
164 -1662.18 -2559.53 -6717.43
165 800.391 1232.49 -7230.5
166 2958.8 4556.15 -4991.53
167 3989.91 6143.92 -847.951
168 3496.18 5383.64 3619.73
169 1665.25 2564.25 6699.93
170 -774.935 -1398.02 7188.16
171 -2679.13 -4833.28 4872.74
172 -3558.88 -6420.38 690.201
173 -3077.74 -5552.39 -3757.28
174 -1422.64 -2566.51 -6769.58
175 773.404 1395.26 -7203.8
176 2675.53 4826.79 -4896.06
177 3558.19 6419.14 -719.959
178 3080.92 5558.12 3731.25
179 1425.29 2571.28 6752.27
180 -700.707 -1436.66 7188.16
181 -2422.51 -4966.87 4872.74
182 -3217.98 -6597.84 690.201
183 -2782.93 -5705.86 -3757.28
184 -1286.37 -2637.44 -6769.58
185 699.322 1433.82 -7203.8
186 2419.25 4960.2 -4896.06
187 3217.36 6596.56 -719.959
188 2785.81 5711.75 3731.25
189 1288.76 2642.35 6752.27
190 -645.775 -1598.35 7159.17
191 -2101.76 -5202.04 4775.52
192 -2754.05 -6816.51 561.945
193 -2353.25 -5824.51 -3867.43
194 -1054.92 -2611.02 -6819.68
195 644.504 1595.2 -7174.92
196 2098.99 5195.19 -4799.1
197 2753.61 6815.43 -591.748
198 2355.75 5830.69 3841.63
199 1056.9 2615.92 6802.56
200 -571.309 -1758.31 7127.99
201 -1759.33 -5414.65 4676.84
202 -2274.57 -7000.41 433.516
203 -1920.11 -5909.49 -3976.4
204 -833.38 -2564.88 -6867.7
205 570.189 1754.86 -7143.87
206 1757.06 5407.66 -4700.67
207 2274.29 6999.55 -463.356
208 1922.2 5915.94 3950.84
209 834.954 2569.72 6850.76
210 -510.689 -1905.92 7094.63
211 -1494.49 -5577.52 4576.72
212 -1906.78 -7116.22 304.955
213 -1590.02 -5934.05 -4084.17
214 -666.94 -2489.05 -6913.64
215 509.693 1902.2 -7110.64
216 1492.61 5570.48 -4600.81
217 1906.62 7115.59 -334.822
218 1591.81 5940.71 4058.84
219 668.207 2493.78 6896.88
220 -376.495 -1936.9 7094.63
221 -1101.78 -5668.19 4576.72
222 -1405.74 -7231.89 304.955
223 -1172.21 -6030.51 -4084.17
224 -491.687 -2529.51 -6913.64
225 375.76 1933.12 -7110.64
226 1100.39 5661.03 -4600.81
227 1405.61 7231.26 -334.822
228 1173.53 6037.27 4058.84
229 492.622 2534.32 6896.88
230 -291.833 -2076.5 7059.11
231 -814.649 -5796.53 4475.21
232 -1025.93 -7299.85 176.301
233 -844.961 -6012.21 -4190.68
234 -341.817 -2432.16 -6957.49
235 291.266 2072.47 -7075.26
236 813.643 5789.37 -4499.56
237 1025.87 7299.46 -206.186
238 845.933 6019.13 4165.6
239 342.471 2436.81 6940.89
240 -154.861 -2214.61 7021.44
241 -413.721 -5916.48 4372.33
242 -514.361 -7355.71 47.5929
243 -418.355 -5982.75 -4295.92
244 -162.848 -2328.83 -6999.22
245 154.562 2210.34 -7037.73
246 413.222 5909.34 -4396.93
247 514.352 7355.58 -77.4871
248 418.848 5989.81 4271.08
249 163.161 2333.31 6982.78
250 -5.70935e-13 -2342.46 6981.62
251 -6.29142e-13 -6006.55 4268.12
252 -4.46529e-13 -7373.51 -81.1298
253 -9.31805e-14 -5921.6 -4399.85
254 2.95541e-13 -2212.27 -7038.82
255 5.71667e-13 2337.97 -6998.06
256 6.3023e-13 5999.48 -4292.96
257 4.48368e-13 7373.64 51.2358
258 9.51244e-14 5928.76 4375.26
259 -2.94282e-13 2216.55 7022.53
260 122.595 -2339.25 6981.62
261 314.359 -5998.32 4268.12
262 385.9 -7363.4 -81.1298
263 309.913 -5913.49 -4399.85
264 115.781 -2209.23 -7038.82
265 -122.36 2334.76 -6998.06
266 -313.988 5991.26 -4292.96
267 -385.907 7363.54 51.2358
268 -310.287 5920.64 4375.26
269 -116.005 2213.51 7022.53
270 300.309 -2445.82 6939.67
271 741.008 -6035.02 4162.59
272 898.311 -7316.15 -209.828
273 712.21 -5800.49 -4502.44
274 254.627 -2073.77 -7076.29
275 -299.736 2441.15 -6956.27
276 -740.156 6028.09 -4187.68
277 -898.359 7316.55 179.943
278 -713.091 5807.66 4478.1
279 -255.123 2077.81 7060.15
280 448.91 -2545.89 6895.6
281 1068.33 -6058.81 4055.8
282 1279.17 -7254.53 -338.461
283 1001.03 -5677.14 -4603.66
284 341.357 -1935.93 -7111.61
285 -448.058 2541.06 -6912.37
286 -1067.14 6052.03 -4081.13
287 -1279.28 7255.17 308.595
288 -1002.3 5684.32 4579.58
289 -342.024 1939.72 7095.61
290 625.409 -2508.38 6895.6
291 1488.37 -5969.53 4055.8
292 1782.1 -7147.62 -338.461
293 1394.61 -5593.48 -4603.66
294 475.569 -1907.4 -7111.61
295 -624.222 2503.62 -6912.37
296 -1486.71 5962.85 -4081.13
297 -1782.26 7148.26 308.595
298 -1396.38 5600.55 4579.58
299 -476.499 1911.13 7095.61
300 836.001 -2572.95 6849.43
301 1922.81 -5917.8 3947.77
302 2274.22 -6999.33 -466.992
303 1756.34 -5405.46 -4703.48
304 569.101 -1751.51 -7144.78
305 -834.426 2568.1 -6866.37
306 -1920.71 5911.35 -3973.34
307 -2274.5 7000.2 437.153
308 -1758.61 5412.44 4679.65
309 -570.219 1754.95 7128.9
310 1012.29 -2637.11 6801.16
311 2254.32 -5872.69 3838.52
312 2634.14 -6862.17 -595.379
313 2007.16 -5228.82 -4801.86
314 615.298 -1602.91 -7175.77
315 -1010.4 2632.17 -6818.29
316 -2251.93 5866.47 -3864.33
317 -2634.56 6863.27 565.577
318 -2009.8 5235.72 4778.29
319 -616.512 1606.07 7160.02
320 1243.86 -2667.47 6750.82
321 2686.48 -5761.17 3728.11
322 3101.59 -6651.39 -723.585
323 2331.29 -4999.48 -4898.78
324 672.691 -1442.59 -7204.59
325 -1241.55 2662.52 -6768.14
326 -2683.71 5755.24 -3754.15
327 -3102.2 6652.69 693.828
328 -2334.43 5006.21 4875.47
329 -674.023 1445.45 7188.95
330 1381.76 -2598.72 6750.82
331 2984.31 -5612.68 3728.11
332 3445.45 -6479.95 -723.585
333 2589.75 -4870.62 -4898.78
334 747.268 -1405.41 -7204.59
335 -1379.2 2593.89 -6768.14
336 -2981.24 5606.9 -3754.15
337 -3446.12 6481.21 693.828
338 -2593.24 4877.17 4875.47
339 -748.748 1408.19 7188.95
340 1622 -2595.74 6698.42
341 3402.64 -5445.36 3616.55
342 3881.85 -6212.26 -851.569
343 2877.53 -4605.01 -4994.21
344 776.871 -1243.25 -7231.22
345 -1619.01 2590.95 -6715.93
346 -3399.24 5439.92 -3642.82
347 -3882.75 6213.69 821.867
348 -2881.48 4611.33 4971.16
349 -778.415 1245.72 7215.69
350 1867.7 -2570.66 6643.97
351 3810.85 -5245.18 3503.89
352 4296.42 -5913.51 -979.294
353 3140.12 -4322.01 -5088.12
354 787.555 -1083.98 -7255.66
355 -1864.28 2565.96 -6661.68
356 -3807.16 5240.1 -3530.38
357 -4297.56 5915.08 949.655
358 -3144.51 4328.05 5065.33
359 -789.125 1086.14 7240.23
360 1999.67 -2469.39 6643.97
361 4080.14 -5038.55 3503.89
362 4600.02 -5680.55 -979.294
363 3362.01 -4151.74 -5088.12
364 843.206 -1041.27 -7255.66
365 -1996.02 2464.88 -6661.68
366 -4076.19 5033.67 -3530.38
367 -4601.24 5682.06 949.655
368 -3366.71 4157.55 5065.33
369 -844.888 1043.35 7240.23
370 2245.97 -2408.51 6587.49
371 4462.84 -4785.81 3390.16
372 4972.73 -5332.6 -1106.72
373 3582.42 -3841.68 -5180.49
374 827.478 -887.361 -7277.9
375 -2241.9 2404.14 -6605.41
376 -4458.66 4781.32 -3416.86
377 -4974.23 5334.21 1077.15
378 -3587.53 3847.15 5157.95
379 -829.133 889.136 7262.55
380 2451.46 -2367.35 6529
381 4749.18 -4586.23 3275.39
382 5230.39 -5050.93 -1233.81
383 3713.08 -3585.68 -5271.27
384 781.485 -754.671 -7297.93
385 -2447.05 2363.09 -6547.13
386 -4744.88 4582.08 -3302.3
387 -5232.15 5052.63 1204.32
388 -3718.45 3590.87 5249
389 -783.052 756.185 7282.66
390 2697.7 -2263.64 6468.52
391 5100.7 -4280 3159.62
392 5552.73 -4659.29 -1360.52
393 3883.2 -3258.4 -5360.45
394 734.744 -616.524 -7315.74
395 -2692.9 2259.61 -6486.86
396 -5096.25 4276.26 -3186.74
397 -5554.79 4661.02 1331.12
398 -3888.93 3263.2 5338.44
399 -736.222 617.764 7300.55
400 2849.03 -2069.94 6468.52
401 5386.83 -3913.76 3159.62
402 5864.22 -4260.61 -1360.52
403 4101.04 -2979.58 -5360.45
404 775.961 -563.769 -7315.74
405 -2843.96 2066.26 -6486.86
406 -5382.13 3910.35 -3186.74
407 -5866.39 4262.19 1331.12
408 -4107.08 2983.97 5338.44
409 -777.522 564.903 7300.55
410 3047.89 -1979.32 6406.07
411 5629.84 -3656.06 3042.88
412 6058.42 -3934.38 -1486.81
413 4172.39 -2709.58 -5448
414 697.438 -452.922 -7331.34
415 -3042.51 1975.83 -6424.63
416 -5625.11 3652.99 -3070.2
417 -6060.88 3935.98 1457.51
418 -4178.64 2713.64 5426.25
419 -698.844 453.835 7316.21
420 3276.04 -1815.94 6341.65
421 5916.89 -3279.78 2925.21
422 6294.55 -3489.13 -1612.65
423 4267.57 -2365.55 -5533.89
424 615.564 -341.213 -7344.71
425 -3270.32 1812.77 -6360.44
426 -5912.1 3277.13 -2952.72
427 -6297.32 3490.66 1583.46
428 -4274.06 2369.15 5512.4
429 -616.807 341.902 7329.63
430 3366.59 -1642 6341.65
431 6080.43 -2965.62 2925.21
432 6468.53 -3154.91 -1612.65
433 4385.52 -2138.96 -5533.89
434 632.578 -308.529 -7344.71
435 -3360.72 1639.13 -6360.44
436 -6075.51 2963.22 -2952.72
437 -6471.38 3156.3 1583.46
438 -4392.19 2142.21 5512.4
439 -633.855 309.152 7329.63
440 3575.24 -1444.49 6275.3
441 6319.04 -2553.06 2806.65
442 6645.84 -2685.09 -1738
443 4433.97 -1791.44 -5618.1
444 533.874 -215.699 -7355.86
445 -3569.07 1442 -6294.32
446 -6314.14 2551.08 -2834.35
447 -6648.99 2686.37 1708.92
448 -4440.82 1794.21 5596.87
449 -534.954 216.135 7340.82
450 3771.12 -1225.31 6207.03
451 6527.52 -2120.92 2687.22
452 6787.17 -2205.29 -1862.81
453 4454.36 -1447.31 -5700.6
454 425.714 -138.323 -7364.77
455 -3764.68 1223.22 -6226.28
456 -6522.67 2119.34 -2715.11
457 -6790.63 2206.41 1833.86
458 -4461.34 1449.58 5679.63
459 -426.576 138.603 7349.77
460 3934.37 -1054.21 6136.87
461 6674.05 -1788.31 2566.98
462 6860.94 -1838.38 -1987.06
463 4427.39 -1186.32 -5781.37
464 308.427 -82.6428 -7371.45
465 -3927.72 1052.43 -6156.36
466 -6669.3 1787.03 -2595.04
467 -6864.67 1839.38 1958.24
468 -4434.43 1188.2 5760.65
469 -309.052 82.8103 7356.48
470 3998.32 -777.195 6136.87
471 6782.54 -1318.39 2566.98
472 6972.46 -1355.31 -1987.06
473 4499.36 -874.587 -5781.37
474 313.441 -60.9267 -7371.45
475 -3991.57 775.882 -6156.36
476 -6777.71 1317.45 -2595.04
477 -6976.25 1356.05 1958.24
478 -4506.51 875.976 5760.65
479 -314.076 61.0502 7356.48
480 4139.2 -581.727 6064.83
481 6885.74 -967.728 2445.95
482 6998.53 -983.579 -2110.7
483 4438.54 -623.796 -5860.38
484 189.038 -26.5675 -7375.89
485 -4132.29 580.755 -6084.56
486 -6881.08 967.072 -2474.18
487 -7002.57 984.148 2082.02
488 -4445.69 624.801 5839.91
489 -189.421 26.6214 7360.94
490 4274.89 -298.929 5990.94
491 6978.18 -487.962 2324.17
492 7012.38 -490.353 -2233.7
493 4368.72 -305.491 -5937.6
494 62.274 -4.35462 -7378.1
495 -4267.84 298.436 -6010.92
496 -6973.69 487.648 -2352.56
497 -7016.67 490.653 2205.16
498 -4375.85 305.989 5917.39
499 -62.4003 4.36346 7363.16
