0.520038 0 0 1000 UDP
1.519038 0 0 1000 UDP
2.519038 0 0 1000 UDP
3.519038 0 0 1000 UDP
4.519038 0 0 1000 UDP
5.519038 0 0 1000 UDP
6.519038 0 0 1000 UDP
7.519038 0 0 1000 UDP
8.519038 0 0 1000 UDP
0.520038 1000 UDP
1.51904 1000 UDP
2.51904 1000 UDP
3.51904 1000 UDP
4.51904 1000 UDP
5.51904 1000 UDP
6.51904 1000 UDP
7.51904 1000 UDP
8.51904 1000 UDP
0.520038 1000 UDP
1.51904 1000 UDP
2.51904 1000 UDP
3.51904 1000 UDP
4.51904 1000 UDP
5.51904 1000 UDP
6.51904 1000 UDP
7.51904 1000 UDP
8.51904 1000 UDP
0.520038 1000 UDP
1.51904 1000 UDP
2.51904 1000 UDP
3.51904 1000 UDP
4.51904 1000 UDP
5.51904 1000 UDP
6.51904 1000 UDP
7.51904 1000 UDP
8.51904 1000 UDP
0.520038 1000 UDP
1.51904 1000 UDP
2.51904 1000 UDP
3.51904 1000 UDP
4.51904 1000 UDP
5.51904 1000 UDP
6.51904 1000 UDP
7.51904 1000 UDP
8.51904 1000 UDP
0.520038 1000 UDP
1.51904 1000 UDP
2.51904 1000 UDP
3.51904 1000 UDP
4.51904 1000 UDP
5.51904 1000 UDP
6.51904 1000 UDP
7.51904 1000 UDP
8.51904 1000 UDP
