numgNBs 10
numTrafficProfiles 5
numUEsPerTrafProf 4 4 4 4 4
numActiveFrequencyBands 5
centralFrequencyBands 28100000000 28310000000 28540000000 28790000000 29060000000
bandwidthBands 200000000 220000000 240000000 260000000 280000000
numCCsPerBand 1 1 1 1 1
centralFrequencyCCs 28100000000 28310000000 28540000000 28790000000 29060000000
bandwidthCCs 200000000 220000000 240000000 260000000 280000000
numBWPsPerCC 1 1 1 1 1
centralFrequencyBWPs 28100000000 28310000000 28540000000 28790000000 29060000000
bandwidthBWPs 200000000 220000000 240000000 260000000 280000000
numerologyBWPs 0 1 2 3 4
